    46    46     1
     2.14385  4.86481e-06 -1.86675e-07  8.36728e-07     -2.15874  4.90385e-06  1.00106e-05  2.91187e-06 -8.72353e-05  0.000582818  0.000145277 -4.92837e-05 -8.69723e-05 -0.000149488  -0.00030575  9.11489e-05 -0.000607286   0.00128775   0.00203257 -0.000870648 -2.82802e-05 -3.09307e-06  7.52383e-06  2.07748e-05  1.31236e-05 -9.56976e-05  6.73793e-06  0.000360795  3.08217e-05  0.000445244  1.42513e-05  5.07356e-06  7.22399e-06  1.60713e-05  1.21721e-14  1.43957e-14  1.43957e-14  1.43957e-14  0.000819154  1.52641e-07  7.18791e-16  9.01963e-16   1.4607e-14 -4.63898e-09 -1.44388e-14   0.00157337
 4.86481e-06      2.18766  4.28326e-09  8.49696e-07  4.80556e-06     -2.15871  1.00014e-05  1.55702e-06 -0.000102725  0.000667068  0.000135747 -2.74446e-06 -4.48905e-05 -0.000194951 -0.000300921  3.04731e-05 -0.000481448   0.00102922   0.00211019 -0.000933109 -2.69312e-05 -3.31496e-06  8.35113e-06  2.07827e-05  1.23194e-05 -9.97186e-05  6.64755e-06   0.00036223  2.41346e-05   0.00045224   2.6935e-05  5.16207e-06 -6.10448e-06  1.56641e-05  9.54992e-15 -2.69357e-15 -2.69357e-15 -2.69357e-15  0.000810275  2.14693e-07 -1.34492e-16 -1.68766e-16 -2.73311e-15  2.94451e-09 -1.75917e-14    0.0015638
-1.86675e-07  4.28326e-09  3.29865e-06  1.11524e-06 -1.84444e-07  4.31838e-09 -8.63567e-07  4.82683e-06   0.00061644  -7.8107e-05 -0.000186192 -8.30412e-05 -6.73968e-05  2.20931e-05  0.000303104  3.57665e-05 -0.000475875 -7.26616e-05 -0.000340034 -4.95115e-05 -3.42024e-06 -1.75895e-07 -3.12848e-06 -3.30218e-06  6.87986e-07  1.44186e-06 -4.16797e-06  -2.3383e-05 -6.38877e-05  4.67665e-05  4.65039e-05 -1.32829e-07 -1.85173e-05 -2.97149e-06  1.52783e-14 -4.04718e-14 -4.04718e-14 -4.04718e-14  0.000784267 -4.57126e-07 -2.02079e-15 -2.53576e-15 -4.10658e-14 -1.46729e-08 -1.71981e-15 -2.94356e-05
 8.36728e-07  8.49696e-07  1.11524e-06  4.64915e-06  8.26726e-07  8.56706e-07  1.72464e-06  1.37234e-05 -8.71731e-05 -0.000294765 -8.34405e-05 -0.000161948 -0.000125821 -7.65193e-05  0.000122866  0.000125678  -1.7727e-05  0.000175802 -0.000125834  0.000196435 -1.40919e-06  6.97854e-07  4.61816e-06 -8.44093e-06  2.57584e-06 -4.24906e-05  4.11957e-06  0.000235875 -3.52474e-05  0.000346038 -1.11755e-05 -4.61605e-06  1.47525e-05  5.39021e-07 -8.17737e-15  1.67745e-15  1.67745e-15  1.67745e-15  0.000909186 -1.09186e-06  8.37563e-17    1.051e-16  1.70207e-15 -5.84585e-08  4.30083e-15 -6.77797e-06
    -2.15874  4.80556e-06 -1.84444e-07  8.26726e-07      2.17376  4.84631e-06  9.89094e-06  2.87706e-06 -8.61925e-05  0.000575851  0.000143541 -4.86943e-05 -8.59327e-05 -0.000147701 -0.000302095  9.00595e-05 -0.000600027   0.00127236   0.00200827  -0.00086024 -2.79422e-05 -3.05609e-06   7.4339e-06  2.05265e-05  1.29668e-05 -9.45537e-05  6.65739e-06  0.000356483  3.04533e-05  0.000439922   1.4081e-05  5.01292e-06  7.13763e-06  1.58792e-05  1.20266e-14  1.42236e-14  1.42236e-14  1.42236e-14  0.000809363  1.50817e-07  7.10199e-16  8.91182e-16  1.44324e-14 -4.58352e-09 -1.42662e-14   0.00155457
 4.90385e-06     -2.15871  4.31838e-09  8.56706e-07  4.84631e-06      2.13017  1.00839e-05  1.56986e-06 -0.000103573  0.000672571  0.000136867 -2.76718e-06 -4.52609e-05 -0.000196559 -0.000303403  3.07245e-05 -0.000485419   0.00103771    0.0021276 -0.000940807 -2.71534e-05 -3.34231e-06  8.42003e-06  2.09541e-05   1.2421e-05 -0.000100541  6.70239e-06  0.000365219  2.43338e-05  0.000455971  2.71573e-05  5.20466e-06 -6.15485e-06  1.57933e-05   9.6287e-15 -2.71579e-15 -2.71579e-15 -2.71579e-15   0.00081696  2.16464e-07 -1.35602e-16 -1.70158e-16 -2.75565e-15  2.96879e-09 -1.77368e-14    0.0015767
 1.00106e-05  1.00014e-05 -8.63567e-07  1.72464e-06  9.89094e-06  1.00839e-05  3.02564e-05  7.45213e-06  -0.00179469    0.0012442  -0.00137021 -0.000135998  -0.00210738 -0.000243793   0.00115149  2.02058e-05 -0.000477664   0.00266012   0.00550064  -0.00163997 -3.78777e-05 -5.82616e-06  2.75905e-05  4.22873e-05  2.85234e-05 -0.000194251   7.8091e-06  0.000672183  9.64839e-05   0.00100361  6.54575e-05  1.02644e-05 -1.75401e-05  3.36952e-05  2.36295e-14  3.75192e-14  3.75192e-14  3.75192e-14   0.00137823  1.01768e-07  1.87336e-15  2.35076e-15  3.80699e-14 -2.55675e-08  4.87265e-16   0.00314931
 2.91187e-06  1.55702e-06  4.82683e-06  1.37234e-05  2.87706e-06  1.56986e-06  7.45213e-06  0.000442576  -0.00101089   -0.0169294  -0.00037705  -0.00305976 -0.000923323   -0.0061265  0.000114914   0.00912983  -0.00116778   0.00800227   0.00391318    0.0019219 -7.19876e-05  6.82773e-06   1.8272e-05 -0.000253188  2.01772e-05 -0.000354424   1.6116e-05   0.00589659 -0.000241558  -0.00148487  3.00369e-05  2.53288e-06 -5.26674e-06 -2.84144e-05 -7.42406e-15  5.21591e-14  5.21591e-14  5.21591e-14   0.00218402 -6.99598e-06  2.60435e-15  3.26802e-15  5.29247e-14 -3.86941e-07 -1.04913e-13   0.00353221
-8.72353e-05 -0.000102725   0.00061644 -8.71731e-05 -8.61925e-05 -0.000103573  -0.00179469  -0.00101089      1.54112  -0.00615478    -0.536217    0.0219529    -0.380933  -0.00253211    0.0588635  0.000502049  -0.00953601   -0.0162009    -0.654601  -0.00869011  -0.00866909 -3.08726e-05  -0.00334945  0.000959855 -0.000443373  -0.00171286 -0.000910184    0.0117154   -0.0174088   -0.0287017     0.011019 -0.000113408  -0.00683876 -0.000202229  7.47051e-12 -8.82446e-12 -8.82446e-12 -8.82446e-12     0.114764  0.000111799 -4.40613e-13 -5.52896e-13 -8.95398e-12  4.59501e-05 -8.36719e-12   0.00312479
 0.000582818  0.000667068  -7.8107e-05 -0.000294765  0.000575851  0.000672571    0.0012442   -0.0169294  -0.00615478      1.53867 -0.000440502    -0.262092   0.00253915     0.158845    0.0102213   -0.0909423    0.0281384    -0.271922   -0.0241353    -0.331576  0.000432004  -0.00117796   0.00103998    0.0116429   0.00127932    0.0285438  0.000617185    -0.382016   0.00879794     0.145256   0.00140346   0.00122958  0.000229392   0.00182696  6.65417e-13 -2.51946e-12 -2.51946e-12 -2.51946e-12  -0.00537083  0.000107314 -1.25799e-13 -1.57857e-13 -2.55644e-12 -2.72788e-07  3.08192e-12   -0.0214416
 0.000145277  0.000135747 -0.000186192 -8.34405e-05  0.000143541  0.000136867  -0.00137021  -0.00037705    -0.536217 -0.000440502      2.77241     0.011419     -1.25661  -0.00939957    -0.529108    0.0225746    -0.214921  -0.00232579   0.00599812    0.0097648  0.000566557  3.46905e-05 -0.000957939  0.000505702  -0.00086037   0.00271583   0.00285325  -0.00151683   -0.0113337   -0.0179211  -0.00291719  0.000322539  0.000228558  0.000410935 -8.49026e-12 -5.89735e-12 -5.89735e-12 -5.89735e-12  -0.00372345  7.37735e-05  -2.9446e-13 -3.69498e-13 -5.98391e-12 -1.28795e-05 -2.60427e-12   -0.0139992
-4.92837e-05 -2.74446e-06 -8.30412e-05 -0.000161948 -4.86943e-05 -2.76718e-06 -0.000135998  -0.00305976    0.0219529    -0.262092     0.011419     0.569056    0.0157273    -0.402208   -0.0143844    -0.192648  -0.00139174    0.0515818   0.00391554   0.00355362  0.000359437  1.26246e-05 -0.000443002  -0.00115432  -0.00032278   0.00293384 -0.000352454 -0.000193297   0.00467445    0.0351009 -3.20037e-05 -0.000629026 -0.000320402   0.00145178  3.51802e-13 -1.05865e-13 -1.05865e-13 -1.05865e-13  -0.00805391  0.000137888 -5.28593e-15 -6.63297e-15 -1.07419e-13  1.00537e-05  2.29507e-12  -0.00884012
-8.69723e-05 -4.48905e-05 -6.73968e-05 -0.000125821 -8.59327e-05 -4.52609e-05  -0.00210738 -0.000923323    -0.380933   0.00253915     -1.25661    0.0157273       3.0596   -0.0120023    -0.606393    0.0181283   -0.0937966   0.00919215  1.30163e-05   0.00360206  8.02603e-05  1.27967e-05  -0.00170977  1.96838e-05 -0.000668117   0.00174067    0.0010123   0.00669194    0.0128987   -0.0228969   -0.0184586 -2.95429e-05    0.0132159  0.000147002 -8.39138e-12 -1.00811e-11 -1.00811e-11 -1.00811e-11    -0.017397  9.57004e-05 -5.03356e-13 -6.31628e-13  -1.0229e-11  -1.2453e-05 -3.52918e-12  -0.00229697
-0.000149488 -0.000194951  2.20931e-05 -7.65193e-05 -0.000147701 -0.000196559 -0.000243793   -0.0061265  -0.00253211     0.158845  -0.00939957    -0.402208   -0.0120023     0.942647    0.0127434    -0.471756  -0.00566625    -0.215083     0.017816   -0.0819277 -0.000479423 -0.000291057 -0.000340189   0.00656218 -0.000276437   -0.0129047 -0.000226048   -0.0223759 -2.07901e-05   -0.0576639 -0.000997816  0.000567539  0.000225913   -0.0017002 -1.36085e-12  1.09158e-12  1.09158e-12  1.09158e-12   0.00669685 -2.65392e-05  5.45036e-14   6.8393e-14   1.1076e-12  7.17434e-06 -1.72984e-12    0.0204316
 -0.00030575 -0.000300921  0.000303104  0.000122866 -0.000302095 -0.000303403   0.00115149  0.000114914    0.0588635    0.0102213    -0.529108   -0.0143844    -0.606393    0.0127434     0.714927   -0.0417834    -0.177466    0.0473033   -0.0802425   0.00763194  -0.00182194  2.71133e-05  0.000339738 -0.000970076 -0.000368804  -0.00301708  -0.00193404  -0.00166171    0.0132081    0.0282359  -0.00735249  -0.00067496   0.00735292  -0.00066932  3.25873e-12  5.10473e-12  5.10473e-12  5.10473e-12    0.0101844 -9.78026e-05  2.54884e-13  3.19837e-13  5.17966e-12  6.26282e-06  3.14698e-12    0.0221586
 9.11489e-05  3.04731e-05  3.57665e-05  0.000125678  9.00595e-05  3.07245e-05  2.02058e-05   0.00912983  0.000502049   -0.0909423    0.0225746    -0.192648    0.0181283    -0.471756   -0.0417834     0.918738   -0.0258278    -0.174247    0.0526699    -0.219968 -0.000311496  -0.00078146  0.000446758  -0.00510644  0.000103688   0.00245353  0.000568908     0.109397  -0.00835193   -0.0606984   0.00152315  0.000292126  7.01718e-07 -0.000487631  1.76215e-12   -2.265e-12   -2.265e-12   -2.265e-12    0.0314067 -6.02503e-05 -1.13093e-13 -1.41913e-13 -2.29824e-12 -1.37754e-05 -1.63607e-12    0.0286872
-0.000607286 -0.000481448 -0.000475875  -1.7727e-05 -0.000600027 -0.000485419 -0.000477664  -0.00116778  -0.00953601    0.0281384    -0.214921  -0.00139174   -0.0937966  -0.00566625    -0.177466   -0.0258278      1.19249    0.0542106     -1.05835   -0.0145618   -0.0154472 -5.17323e-05   0.00280828  -0.00144402  -0.00132876  -0.00365658  -0.00035277    0.0119148   -0.0151974     0.020093    0.0184054  -0.00116356   -0.0232164 -0.000561252 -2.56774e-12  9.39171e-12  9.39171e-12  9.39171e-12   -0.0386502  5.52856e-07  4.68936e-13  5.88437e-13  9.52956e-12 -1.49262e-05 -4.56903e-12    0.0460966
  0.00128775   0.00102922 -7.26616e-05  0.000175802   0.00127236   0.00103771   0.00266012   0.00800227   -0.0162009    -0.271922  -0.00232579    0.0515818   0.00919215    -0.215083    0.0473033    -0.174247    0.0542106      2.63679    -0.176991    -0.840558   0.00203095  -0.00298617   0.00265594   0.00263287   0.00258235    0.0133941   0.00238885   -0.0399665      0.00865   0.00466482 -0.000374898   0.00229806   0.00493241   0.00261534 -1.16914e-12  4.93632e-12  4.93632e-12  4.93632e-12   -0.0824677  6.33533e-05  2.46475e-13  3.09285e-13  5.00877e-12 -1.94077e-06 -5.81777e-12    -0.124627
  0.00203257   0.00211019 -0.000340034 -0.000125834   0.00200827    0.0021276   0.00550064   0.00391318    -0.654601   -0.0241353   0.00599812   0.00391554  1.30163e-05     0.017816   -0.0802425    0.0526699     -1.05835    -0.176991      3.18617    0.0544603   -0.0102832  0.000193476   0.00326863   0.00625494   0.00617949    0.0110332   0.00234232   -0.0507833 -0.000936901   -0.0146141    0.0230073   0.00434218  -0.00719707   0.00423174  1.01577e-11 -1.65196e-12 -1.65196e-12 -1.65196e-12   -0.0358719  7.03034e-05  -8.2484e-14 -1.03504e-13 -1.67621e-12   3.7366e-06 -2.18465e-12    -0.125322
-0.000870648 -0.000933109 -4.95115e-05  0.000196435  -0.00086024 -0.000940807  -0.00163997    0.0019219  -0.00869011    -0.331576    0.0097648   0.00355362   0.00360206   -0.0819277   0.00763194    -0.219968   -0.0145618    -0.840558    0.0544603      3.53807  -0.00085267  -0.00273062  -0.00201268  -0.00402213  -0.00169951   -0.0160387   -0.0023217     0.151352   0.00809726     0.118315  -0.00362815  -0.00383024 -0.000505005   0.00193998 -7.49333e-13  3.77756e-12  3.77756e-12  3.77756e-12   0.00361655   0.00012926  1.88617e-13  2.36683e-13    3.833e-12  4.37585e-06 -2.74403e-12    0.0448794
-2.82802e-05 -2.69312e-05 -3.42024e-06 -1.40919e-06 -2.79422e-05 -2.71534e-05 -3.78777e-05 -7.19876e-05  -0.00866909  0.000432004  0.000566557  0.000359437  8.02603e-05 -0.000479423  -0.00182194 -0.000311496   -0.0154472   0.00203095   -0.0102832  -0.00085267       4.3065  -3.0292e-06 -6.97694e-05 -6.75984e-05 -3.02931e-05 -0.000130927 -8.24395e-05  0.000842194 -9.14019e-05 -0.000338016  0.000178307 -5.52112e-05 -0.000184757 -4.86149e-05  1.10234e-13  -1.0414e-14  -1.0414e-14  -1.0414e-14  0.000887234  1.73851e-06 -5.19979e-16 -6.52488e-16 -1.05668e-14  4.03933e-08 -1.18078e-13   0.00165504
-3.09307e-06 -3.31496e-06 -1.75895e-07  6.97854e-07 -3.05609e-06 -3.34231e-06 -5.82616e-06  6.82773e-06 -3.08726e-05  -0.00117796  3.46905e-05  1.26246e-05  1.27967e-05 -0.000291057  2.71133e-05  -0.00078146 -5.17323e-05  -0.00298617  0.000193476  -0.00273062  -3.0292e-06      4.30668 -7.15025e-06  -1.4289e-05 -6.03768e-06  -5.6979e-05 -8.24807e-06  0.000537693  2.87664e-05  0.000420326 -1.28894e-05 -1.36073e-05 -1.79408e-06  6.89197e-06 -2.66208e-15  1.34202e-14  1.34202e-14  1.34202e-14  1.28482e-05  4.59209e-07   6.7008e-16  8.40839e-16  1.36171e-14  1.55456e-08 -9.74845e-15  0.000159439
 7.52383e-06  8.35113e-06 -3.12848e-06  4.61816e-06   7.4339e-06  8.42003e-06  2.75905e-05   1.8272e-05  -0.00334945   0.00103998 -0.000957939 -0.000443002  -0.00170977 -0.000340189  0.000339738  0.000446758   0.00280828   0.00265594   0.00326863  -0.00201268 -6.97694e-05 -7.15025e-06  0.000227838  1.70512e-05 -0.000102732 -0.000173517  0.000147867   0.00067043  -0.00104907   0.00111159 -4.01326e-05  6.57053e-06  0.000133838  2.19396e-05  3.45686e-14 -2.69793e-13 -2.69793e-13 -2.69793e-13   0.00216412  -1.4736e-06  -1.3471e-14 -1.69039e-14 -2.73753e-13 -5.90306e-07   5.0629e-16   0.00322686
 2.07748e-05  2.07827e-05 -3.30218e-06 -8.44093e-06  2.05265e-05  2.09541e-05  4.22873e-05 -0.000253188  0.000959855    0.0116429  0.000505702  -0.00115432  1.96838e-05   0.00656218 -0.000970076  -0.00510644  -0.00144402   0.00263287   0.00625494  -0.00402213 -6.75984e-05  -1.4289e-05  1.70512e-05   0.00140371  3.65265e-05  -0.00304253  2.92476e-05  -0.00383548   0.00032141   0.00779346  7.60668e-06  9.64555e-06  6.34965e-05  0.000120027  2.04014e-13 -6.72741e-14 -6.72741e-14 -6.72741e-14   0.00210774   5.7768e-06 -3.35905e-15 -4.21506e-15 -6.82615e-14  1.08728e-06 -9.22493e-15   0.00428459
 1.31236e-05  1.23194e-05  6.87986e-07  2.57584e-06  1.29668e-05   1.2421e-05  2.85234e-05  2.01772e-05 -0.000443373   0.00127932  -0.00086037  -0.00032278 -0.000668117 -0.000276437 -0.000368804  0.000103688  -0.00132876   0.00258235   0.00617949  -0.00169951 -3.02931e-05 -6.03768e-06 -0.000102732  3.65265e-05  0.000186364 -0.000195251 -0.000148089  0.000661621   0.00115126   0.00130928   0.00022378  1.31304e-05 -0.000200809  3.93991e-05 -5.59031e-14  8.21645e-14  8.21645e-14  8.21645e-14  0.000820067 -7.43476e-07  4.10254e-15  5.14801e-15  8.33704e-14 -3.53693e-07 -3.29755e-14   0.00318638
-9.56976e-05 -9.97186e-05  1.44186e-06 -4.24906e-05 -9.45537e-05 -0.000100541 -0.000194251 -0.000354424  -0.00171286    0.0285438   0.00271583   0.00293384   0.00174067   -0.0129047  -0.00301708   0.00245353  -0.00365658    0.0133941    0.0110332   -0.0160387 -0.000130927  -5.6979e-05 -0.000173517  -0.00304253 -0.000195251    0.0300689 -0.000202402    -0.108227 -0.000234508   -0.0409712 -0.000152873  0.000218989 -0.000193672 -0.000710008 -5.48261e-13 -1.21938e-12 -1.21938e-12 -1.21938e-12   0.00176171  3.47071e-06 -6.08847e-14 -7.64003e-14 -1.23728e-12 -1.32968e-06  2.32202e-13   0.00789292
 6.73793e-06  6.64755e-06 -4.16797e-06  4.11957e-06  6.65739e-06  6.70239e-06   7.8091e-06   1.6116e-05 -0.000910184  0.000617185   0.00285325 -0.000352454    0.0010123 -0.000226048  -0.00193404  0.000568908  -0.00035277   0.00238885   0.00234232   -0.0023217 -8.24395e-05 -8.24807e-06  0.000147867  2.92476e-05 -0.000148089 -0.000202402   0.00023121  0.000733502   -0.0016463  0.000747616 -0.000194809  7.48998e-06  0.000272228  1.16962e-05  2.96371e-14  1.16338e-13  1.16338e-13  1.16338e-13   0.00102875 -1.74329e-06  5.80886e-15  7.28916e-15  1.18046e-13  2.64227e-07 -1.53378e-13   0.00324282
 0.000360795   0.00036223  -2.3383e-05  0.000235875  0.000356483  0.000365219  0.000672183   0.00589659    0.0117154    -0.382016  -0.00151683 -0.000193297   0.00669194   -0.0223759  -0.00166171     0.109397    0.0119148   -0.0399665   -0.0507833     0.151352  0.000842194  0.000537693   0.00067043  -0.00383548  0.000661621    -0.108227  0.000733502       0.9452 -0.000308308    -0.342135   0.00195395  0.000979944 -0.000367913   1.7057e-05    9.818e-13  3.01551e-13  3.01551e-13  3.01551e-13   -0.0163607  1.77181e-05  1.50567e-14  1.88936e-14  3.05977e-13 -1.05966e-06 -2.72002e-12      -0.0432
 3.08217e-05  2.41346e-05 -6.38877e-05 -3.52474e-05  3.04533e-05  2.43338e-05  9.64839e-05 -0.000241558   -0.0174088   0.00879794   -0.0113337   0.00467445    0.0128987 -2.07901e-05    0.0132081  -0.00835193   -0.0151974      0.00865 -0.000936901   0.00809726 -9.14019e-05  2.87664e-05  -0.00104907   0.00032141   0.00115126 -0.000234508   -0.0016463 -0.000308308    0.0268939   0.00195818  -0.00775795  4.02287e-06   0.00505333  0.000252334  2.19318e-13 -5.98465e-14 -5.98465e-14 -5.98465e-14   0.00990845   3.1252e-05 -2.98819e-15 -3.74968e-15 -6.07249e-14  1.84317e-06  2.12729e-12   0.00227002
 0.000445244   0.00045224  4.67665e-05  0.000346038  0.000439922  0.000455971   0.00100361  -0.00148487   -0.0287017     0.145256   -0.0179211    0.0351009   -0.0228969   -0.0576639    0.0282359   -0.0606984     0.020093   0.00466482   -0.0146141     0.118315 -0.000338016  0.000420326   0.00111159   0.00779346   0.00130928   -0.0409712  0.000747616    -0.342135   0.00195818     0.996541   0.00022856  -0.00604477   0.00112202    0.0113872 -2.60902e-12  3.20222e-12  3.20222e-12  3.20222e-12    0.0306223  -9.4949e-05   1.5989e-13  2.00635e-13  3.24922e-12 -8.28938e-06 -5.39994e-12   0.00421334
 1.42513e-05   2.6935e-05  4.65039e-05 -1.11755e-05   1.4081e-05  2.71573e-05  6.54575e-05  3.00369e-05     0.011019   0.00140346  -0.00291719 -3.20037e-05   -0.0184586 -0.000997816  -0.00735249   0.00152315    0.0184054 -0.000374898    0.0230073  -0.00362815  0.000178307 -1.28894e-05 -4.01326e-05  7.60668e-06   0.00022378 -0.000152873 -0.000194809   0.00195395  -0.00775795   0.00022856    0.0116812  4.59327e-05   -0.0111379  8.77143e-05 -3.86983e-13  -1.3909e-12  -1.3909e-12  -1.3909e-12  -0.00979977  2.61124e-06 -6.94489e-14 -8.71468e-14 -1.41132e-12 -2.32827e-06 -7.29928e-13   0.00351492
 5.07356e-06  5.16207e-06 -1.32829e-07 -4.61605e-06  5.01292e-06  5.20466e-06  1.02644e-05  2.53288e-06 -0.000113408   0.00122958  0.000322539 -0.000629026 -2.95429e-05  0.000567539  -0.00067496  0.000292126  -0.00116356   0.00229806   0.00434218  -0.00383024 -5.52112e-05 -1.36073e-05  6.57053e-06  9.64555e-06  1.31304e-05  0.000218989  7.48998e-06  0.000979944  4.02287e-06  -0.00604477  4.59327e-05  6.68334e-05 -1.80344e-05 -7.92498e-05   7.0905e-14  6.70362e-15  6.70362e-15  6.70362e-15  0.000825896  3.47168e-07  3.34717e-16  4.20015e-16  6.80201e-15  7.75399e-08  1.53733e-15   0.00321196
 7.22399e-06 -6.10448e-06 -1.85173e-05  1.47525e-05  7.13763e-06 -6.15485e-06 -1.75401e-05 -5.26674e-06  -0.00683876  0.000229392  0.000228558 -0.000320402    0.0132159  0.000225913   0.00735292  7.01718e-07   -0.0232164   0.00493241  -0.00719707 -0.000505005 -0.000184757 -1.79408e-06  0.000133838  6.34965e-05 -0.000200809 -0.000193672  0.000272228 -0.000367913   0.00505333   0.00112202   -0.0111379 -1.80344e-05    0.0117174 -3.11521e-05  6.84653e-13  1.22534e-12  1.22534e-12  1.22534e-12    0.0101719 -3.29684e-06  6.11824e-14  7.67737e-14  1.24333e-12  2.03115e-06  1.97977e-13    0.0025996
 1.60713e-05  1.56641e-05 -2.97149e-06  5.39021e-07  1.58792e-05  1.57933e-05  3.36952e-05 -2.84144e-05 -0.000202229   0.00182696  0.000410935   0.00145178  0.000147002   -0.0017002  -0.00066932 -0.000487631 -0.000561252   0.00261534   0.00423174   0.00193998 -4.86149e-05  6.89197e-06  2.19396e-05  0.000120027  3.93991e-05 -0.000710008  1.16962e-05   1.7057e-05  0.000252334    0.0113872  8.77143e-05 -7.92498e-05 -3.11521e-05  0.000244584 -1.13347e-13 -3.47795e-14 -3.47795e-14 -3.47795e-14  0.000570235   3.8016e-06 -1.73657e-15 -2.17911e-15   -3.529e-14  5.50591e-08 -1.19597e-13   0.00298135
 1.21721e-14  9.54992e-15  1.52783e-14 -8.17737e-15  1.20266e-14   9.6287e-15  2.36295e-14 -7.42406e-15  7.47051e-12  6.65417e-13 -8.49026e-12  3.51802e-13 -8.39138e-12 -1.36085e-12  3.25873e-12  1.76215e-12 -2.56774e-12 -1.16914e-12  1.01577e-11 -7.49333e-13  1.10234e-13 -2.66208e-15  3.45686e-14  2.04014e-13 -5.59031e-14 -5.48261e-13  2.96371e-14    9.818e-13  2.19318e-13 -2.60902e-12 -3.86983e-13   7.0905e-14  6.84653e-13 -1.13347e-13      4.30669 -1.67313e-21 -1.67313e-21 -1.67313e-21 -4.96643e-13  9.11825e-16 -8.35409e-23  -1.0483e-22 -1.69769e-21 -1.14861e-16  6.02183e-22  6.48088e-13
 1.43957e-14 -2.69357e-15 -4.04718e-14  1.67745e-15  1.42236e-14 -2.71579e-15  3.75192e-14  5.21591e-14 -8.82446e-12 -2.51946e-12 -5.89735e-12 -1.05865e-13 -1.00811e-11  1.09158e-12  5.10473e-12   -2.265e-12  9.39171e-12  4.93632e-12 -1.65196e-12  3.77756e-12  -1.0414e-14  1.34202e-14 -2.69793e-13 -6.72741e-14  8.21645e-14 -1.21938e-12  1.16338e-13  3.01551e-13 -5.98465e-14  3.20222e-12  -1.3909e-12  6.70362e-15  1.22534e-12 -3.47795e-14 -1.67313e-21      4.30669 -6.66266e-21 -6.66266e-21  9.35221e-13  1.97494e-15 -3.32672e-22 -4.17449e-22 -6.76045e-21 -4.91419e-17  -1.2287e-21 -3.20887e-13
 1.43957e-14 -2.69357e-15 -4.04718e-14  1.67745e-15  1.42236e-14 -2.71579e-15  3.75192e-14  5.21591e-14 -8.82446e-12 -2.51946e-12 -5.89735e-12 -1.05865e-13 -1.00811e-11  1.09158e-12  5.10473e-12   -2.265e-12  9.39171e-12  4.93632e-12 -1.65196e-12  3.77756e-12  -1.0414e-14  1.34202e-14 -2.69793e-13 -6.72741e-14  8.21645e-14 -1.21938e-12  1.16338e-13  3.01551e-13 -5.98465e-14  3.20222e-12  -1.3909e-12  6.70362e-15  1.22534e-12 -3.47795e-14 -1.67313e-21 -6.66266e-21      4.30669 -6.66266e-21  9.35221e-13  1.97494e-15 -3.32672e-22 -4.17449e-22 -6.76045e-21 -4.91419e-17  -1.2287e-21 -3.20887e-13
 1.43957e-14 -2.69357e-15 -4.04718e-14  1.67745e-15  1.42236e-14 -2.71579e-15  3.75192e-14  5.21591e-14 -8.82446e-12 -2.51946e-12 -5.89735e-12 -1.05865e-13 -1.00811e-11  1.09158e-12  5.10473e-12   -2.265e-12  9.39171e-12  4.93632e-12 -1.65196e-12  3.77756e-12  -1.0414e-14  1.34202e-14 -2.69793e-13 -6.72741e-14  8.21645e-14 -1.21938e-12  1.16338e-13  3.01551e-13 -5.98465e-14  3.20222e-12  -1.3909e-12  6.70362e-15  1.22534e-12 -3.47795e-14 -1.67313e-21 -6.66266e-21 -6.66266e-21      4.30669  9.35221e-13  1.97494e-15 -3.32672e-22 -4.17449e-22 -6.76045e-21 -4.91419e-17  -1.2287e-21 -3.20887e-13
 0.000819154  0.000810275  0.000784267  0.000909186  0.000809363   0.00081696   0.00137823   0.00218402     0.114764  -0.00537083  -0.00372345  -0.00805391    -0.017397   0.00669685    0.0101844    0.0314067   -0.0386502   -0.0824677   -0.0358719   0.00361655  0.000887234  1.28482e-05   0.00216412   0.00210774  0.000820067   0.00176171   0.00102875   -0.0163607   0.00990845    0.0306223  -0.00979977  0.000825896    0.0101719  0.000570235 -4.96643e-13  9.35221e-13  9.35221e-13  9.35221e-13      1.54338  7.87703e-05  4.66964e-14  5.85963e-14  9.48948e-13  3.23432e-06  7.07399e-13   -0.0388993
 1.52641e-07  2.14693e-07 -4.57126e-07 -1.09186e-06  1.50817e-07  2.16464e-07  1.01768e-07 -6.99598e-06  0.000111799  0.000107314  7.37735e-05  0.000137888  9.57004e-05 -2.65392e-05 -9.78026e-05 -6.02503e-05  5.52856e-07  6.33533e-05  7.03034e-05   0.00012926  1.73851e-06  4.59209e-07  -1.4736e-06   5.7768e-06 -7.43476e-07  3.47071e-06 -1.74329e-06  1.77181e-05   3.1252e-05  -9.4949e-05  2.61124e-06  3.47168e-07 -3.29684e-06   3.8016e-06  9.11825e-16  1.97494e-15  1.97494e-15  1.97494e-15  7.87703e-05  8.43401e-07  9.86106e-17   1.2374e-16  2.00393e-15  3.84539e-08 -1.96046e-15 -2.34933e-05
 7.18791e-16 -1.34492e-16 -2.02079e-15  8.37563e-17  7.10199e-16 -1.35602e-16  1.87336e-15  2.60435e-15 -4.40613e-13 -1.25799e-13  -2.9446e-13 -5.28593e-15 -5.03356e-13  5.45036e-14  2.54884e-13 -1.13093e-13  4.68936e-13  2.46475e-13  -8.2484e-14  1.88617e-13 -5.19979e-16   6.7008e-16  -1.3471e-14 -3.35905e-15  4.10254e-15 -6.08847e-14  5.80886e-15  1.50567e-14 -2.98819e-15   1.5989e-13 -6.94489e-14  3.34717e-16  6.11824e-14 -1.73657e-15 -8.35409e-23 -3.32672e-22 -3.32672e-22 -3.32672e-22  4.66964e-14  9.86106e-17       5.0625 -2.08436e-23 -3.37555e-22  -2.4537e-18 -6.13502e-23 -1.60221e-14
 9.01963e-16 -1.68766e-16 -2.53576e-15    1.051e-16  8.91182e-16 -1.70158e-16  2.35076e-15  3.26802e-15 -5.52896e-13 -1.57857e-13 -3.69498e-13 -6.63297e-15 -6.31628e-13   6.8393e-14  3.19837e-13 -1.41913e-13  5.88437e-13  3.09285e-13 -1.03504e-13  2.36683e-13 -6.52488e-16  8.40839e-16 -1.69039e-14 -4.21506e-15  5.14801e-15 -7.64003e-14  7.28916e-15  1.88936e-14 -3.74968e-15  2.00635e-13 -8.71468e-14  4.20015e-16  7.67737e-14 -2.17911e-15  -1.0483e-22 -4.17449e-22 -4.17449e-22 -4.17449e-22  5.85963e-14   1.2374e-16 -2.08436e-23      5.61349 -4.23576e-22 -3.07898e-18 -7.69844e-23 -2.01051e-14
  1.4607e-14 -2.73311e-15 -4.10658e-14  1.70207e-15  1.44324e-14 -2.75565e-15  3.80699e-14  5.29247e-14 -8.95398e-12 -2.55644e-12 -5.98391e-12 -1.07419e-13  -1.0229e-11   1.1076e-12  5.17966e-12 -2.29824e-12  9.52956e-12  5.00877e-12 -1.67621e-12    3.833e-12 -1.05668e-14  1.36171e-14 -2.73753e-13 -6.82615e-14  8.33704e-14 -1.23728e-12  1.18046e-13  3.05977e-13 -6.07249e-14  3.24922e-12 -1.41132e-12  6.80201e-15  1.24333e-12   -3.529e-14 -1.69769e-21 -6.76045e-21 -6.76045e-21 -6.76045e-21  9.48948e-13  2.00393e-15 -3.37555e-22 -4.23576e-22      4.36991 -4.98632e-17 -1.24674e-21 -3.25596e-13
-4.63898e-09  2.94451e-09 -1.46729e-08 -5.84585e-08 -4.58352e-09  2.96879e-09 -2.55675e-08 -3.86941e-07  4.59501e-05 -2.72788e-07 -1.28795e-05  1.00537e-05  -1.2453e-05  7.17434e-06  6.26282e-06 -1.37754e-05 -1.49262e-05 -1.94077e-06   3.7366e-06  4.37585e-06  4.03933e-08  1.55456e-08 -5.90306e-07  1.08728e-06 -3.53693e-07 -1.32968e-06  2.64227e-07 -1.05966e-06  1.84317e-06 -8.28938e-06 -2.32827e-06  7.75399e-08  2.03115e-06  5.50591e-08 -1.14861e-16 -4.91419e-17 -4.91419e-17 -4.91419e-17  3.23432e-06  3.84539e-08  -2.4537e-18 -3.07898e-18 -4.98632e-17  3.61763e-08  1.83708e-16  2.42914e-07
-1.44388e-14 -1.75917e-14 -1.71981e-15  4.30083e-15 -1.42662e-14 -1.77368e-14  4.87265e-16 -1.04913e-13 -8.36719e-12  3.08192e-12 -2.60427e-12  2.29507e-12 -3.52918e-12 -1.72984e-12  3.14698e-12 -1.63607e-12 -4.56903e-12 -5.81777e-12 -2.18465e-12 -2.74403e-12 -1.18078e-13 -9.74845e-15   5.0629e-16 -9.22493e-15 -3.29755e-14  2.32202e-13 -1.53378e-13 -2.72002e-12  2.12729e-12 -5.39994e-12 -7.29928e-13  1.53733e-15  1.97977e-13 -1.19597e-13  6.02183e-22  -1.2287e-21  -1.2287e-21  -1.2287e-21  7.07399e-13 -1.96046e-15 -6.13502e-23 -7.69844e-23 -1.24674e-21  1.83708e-16            4  2.56712e-12
  0.00157337    0.0015638 -2.94356e-05 -6.77797e-06   0.00155457    0.0015767   0.00314931   0.00353221   0.00312479   -0.0214416   -0.0139992  -0.00884012  -0.00229697    0.0204316    0.0221586    0.0286872    0.0460966    -0.124627    -0.125322    0.0448794   0.00165504  0.000159439   0.00322686   0.00428459   0.00318638   0.00789292   0.00324282      -0.0432   0.00227002   0.00421334   0.00351492   0.00321196    0.0025996   0.00298135  6.48088e-13 -3.20887e-13 -3.20887e-13 -3.20887e-13   -0.0388993 -2.34933e-05 -1.60221e-14 -2.01051e-14 -3.25596e-13  2.42914e-07  2.56712e-12      3.90553
* row and column names
ddgd
ddgw
ddsd
ddsw
rcgd
rcgw
rcr1d
rcr1w
rcr2d
rcr2w
rcr3d
rcr3w
rcr4d
rcr4w
rcr5d
rcr5w
rcr6d
rcr6w
rcr7d
rcr7w
rcr8d
rcr8w
rcs1d
rcs1w
rcs2d
rcs2w
rcs3d
rcs3w
rcs4d
rcs4w
rcs5d
rcs5w
rcs6d
rcs6w
rcs7d
rcs7w
rcs8d
rcs8w
tcrit
tl
tlr
tls
x
xw
y
yw
