    46    46     1
     2.14385   7.2351e-06 -2.31292e-07  8.26454e-07     -2.15874   7.2937e-06  1.47841e-05  8.26574e-06  -8.2499e-05  0.000550318  0.000124058  -6.2683e-05 -9.04539e-05 -0.000118519 -0.000272163  0.000134631 -0.000537416   0.00109885   0.00184261 -0.000802623 -2.57716e-05  -2.8514e-06  1.24149e-05  2.72691e-05  1.79533e-05 -8.37341e-05  1.16532e-05  0.000295316  3.42624e-05   0.00045163   1.9579e-05  9.94203e-06  1.11643e-05  2.05902e-05   0.00305548  1.39093e-14  1.39093e-14  1.39093e-14  0.000760193  1.17032e-07  6.94505e-16  8.71489e-16  1.41135e-14 -4.27079e-09 -1.05478e-14   0.00143019
  7.2351e-06      2.18766 -4.00615e-08  8.39485e-07  7.14752e-06     -2.15871  1.47458e-05   6.8783e-06 -9.80175e-05  0.000634766  0.000114657 -1.60621e-05 -4.83509e-05 -0.000164171 -0.000267539  7.36904e-05 -0.000412003  0.000841465   0.00192139 -0.000865498 -2.44379e-05 -3.07477e-06  1.32124e-05  2.72374e-05  1.71197e-05 -8.78279e-05  1.15329e-05  0.000297149  2.75544e-05  0.000458588  3.22303e-05  1.00009e-05 -2.18817e-06  2.01555e-05   0.00303688 -3.17699e-15 -3.17699e-15 -3.17699e-15  0.000751673    1.793e-07  -1.5863e-16 -1.99054e-16 -3.22362e-15  3.31046e-09 -1.37243e-14   0.00142148
-2.31292e-07 -4.00615e-08  3.29948e-06  1.11543e-06 -2.28527e-07 -4.03922e-08 -9.52872e-07  4.72666e-06  0.000616352  -7.7499e-05 -0.000185795 -8.27905e-05 -6.73317e-05  2.15137e-05  0.000302476   3.4953e-05 -0.000477182 -6.91275e-05 -0.000336481 -5.07841e-05 -3.46717e-06 -1.80416e-07 -3.21999e-06 -3.42368e-06  5.97629e-07  1.21804e-06 -4.25993e-06 -2.21579e-05  -6.3952e-05   4.6647e-05  4.64043e-05 -2.23911e-07  -1.8591e-05 -3.05603e-06 -5.71636e-05 -4.04627e-14 -4.04627e-14 -4.04627e-14   0.00078537  -4.5646e-07 -2.02034e-15 -2.53519e-15 -4.10566e-14 -1.46798e-08 -1.79261e-15 -2.67567e-05
 8.26454e-07  8.39485e-07  1.11543e-06  4.64919e-06  8.16576e-07  8.46411e-07  1.70408e-06  1.37004e-05 -8.71935e-05 -0.000294625 -8.33491e-05 -0.000161891 -0.000125806 -7.66527e-05  0.000122722  0.000125491  -1.8028e-05  0.000176616 -0.000125016  0.000196141    -1.42e-06  6.96813e-07  4.59709e-06 -8.46891e-06  2.55503e-06 -4.25422e-05   4.0984e-06  0.000236157 -3.52622e-05   0.00034601 -1.11985e-05 -4.63702e-06  1.47355e-05  5.19554e-07 -1.31628e-05  1.67954e-15  1.67954e-15  1.67954e-15   0.00090944 -1.09171e-06  8.38609e-17  1.05232e-16  1.70419e-15 -5.84601e-08  4.28407e-15 -6.16113e-06
    -2.15874  7.14752e-06 -2.28527e-07  8.16576e-07      2.17376  7.20759e-06  1.46074e-05  8.16694e-06 -8.15127e-05   0.00054374  0.000122575 -6.19334e-05 -8.93726e-05 -0.000117103  -0.00026891  0.000133022 -0.000530992   0.00108572   0.00182059 -0.000793028 -2.54636e-05 -2.81732e-06  1.22665e-05  2.69431e-05  1.77387e-05 -8.27332e-05  1.15139e-05  0.000291786  3.38529e-05  0.000446232   1.9345e-05  9.82319e-06  1.10308e-05  2.03441e-05   0.00301896  1.37431e-14  1.37431e-14  1.37431e-14  0.000751106  1.15633e-07  6.86204e-16  8.61072e-16  1.39448e-14 -4.21973e-09 -1.04217e-14   0.00141309
  7.2937e-06     -2.15871 -4.03922e-08  8.46411e-07  7.20759e-06      2.13017  1.48675e-05  6.93504e-06 -9.88266e-05  0.000640003  0.000115603 -1.61947e-05 -4.87498e-05 -0.000165525 -0.000269746  7.42984e-05 -0.000415402  0.000848407   0.00193724 -0.000872638 -2.46395e-05 -3.10014e-06  1.33214e-05  2.74621e-05  1.72609e-05 -8.85525e-05   1.1628e-05  0.000299601  2.77818e-05  0.000462371  3.24962e-05  1.00834e-05 -2.20623e-06  2.03218e-05   0.00306193 -3.20319e-15 -3.20319e-15 -3.20319e-15  0.000757875  1.80779e-07 -1.59938e-16 -2.00696e-16 -3.25021e-15  3.33776e-09 -1.38375e-14   0.00143321
 1.47841e-05  1.47458e-05 -9.52872e-07  1.70408e-06  1.46074e-05  1.48675e-05  3.98112e-05  1.81686e-05  -0.00178521   0.00117915  -0.00141269 -0.000162818  -0.00211435 -0.000181805   0.00121872  0.000107241  -0.00033781   0.00228202   0.00512042  -0.00150381 -3.28564e-05 -5.34244e-06  3.73805e-05  5.52864e-05  3.81907e-05 -0.000170305  1.76476e-05  0.000541117  0.000103371   0.00101639  7.61215e-05  2.00092e-05 -9.65306e-06  4.27404e-05   0.00611593  3.65456e-14  3.65456e-14  3.65456e-14   0.00126021  3.04908e-08  1.82475e-15  2.28976e-15   3.7082e-14 -2.48306e-08  8.27573e-15    0.0028627
 8.26574e-06   6.8783e-06  4.72666e-06  1.37004e-05  8.16694e-06  6.93504e-06  1.81686e-05  0.000454595  -0.00100026   -0.0170023 -0.000424687  -0.00308984 -0.000931139  -0.00605698  0.000190315   0.00922745  -0.00101092   0.00757819   0.00348674   0.00207461 -6.63558e-05  7.37027e-06  2.92523e-05 -0.000238608  3.10198e-05 -0.000327566  2.71507e-05   0.00574959 -0.000233834  -0.00147054  4.19974e-05  1.34625e-05  3.57919e-06 -1.82694e-05   0.00685952  5.10672e-14  5.10672e-14  5.10672e-14   0.00205165 -7.07592e-06  2.54983e-15  3.19961e-15  5.18167e-14 -3.86115e-07  -9.6178e-14   0.00321075
 -8.2499e-05 -9.80175e-05  0.000616352 -8.71935e-05 -8.15127e-05 -9.88266e-05  -0.00178521  -0.00100026      1.54113  -0.00621933    -0.536259    0.0219263     -0.38094  -0.00247061    0.0589302  0.000588407  -0.00939724   -0.0165761    -0.654978  -0.00855501  -0.00866411 -3.03926e-05  -0.00333973  0.000972753 -0.000433781   -0.0016891 -0.000900422    0.0115853    -0.017402   -0.0286891    0.0110295 -0.000103739  -0.00683093 -0.000193255   0.00606832 -8.82542e-12 -8.82542e-12 -8.82542e-12     0.114647  0.000111729 -4.40661e-13 -5.52956e-13 -8.95496e-12  4.59509e-05 -8.35946e-12   0.00284042
 0.000550318  0.000634766  -7.7499e-05 -0.000294625   0.00054374  0.000640003   0.00117915   -0.0170023  -0.00621933      1.53911 -0.000151333     -0.26191    0.0025866     0.158423   0.00976362   -0.0915348    0.0271862    -0.269348   -0.0215467    -0.332503  0.000397817  -0.00118125  0.000973325    0.0115544   0.00121351    0.0283808  0.000550201    -0.381124   0.00875105     0.145169   0.00133085   0.00116323  0.000175695   0.00176538   -0.0416394 -2.51283e-12 -2.51283e-12 -2.51283e-12  -0.00456732  0.000107799 -1.25468e-13 -1.57441e-13 -2.54971e-12 -2.77806e-07  3.02889e-12   -0.0194903
 0.000124058  0.000114657 -0.000185795 -8.33491e-05  0.000122575  0.000115603  -0.00141269 -0.000424687    -0.536259 -0.000151333       2.7726    0.0115382     -1.25658  -0.00967511    -0.529407    0.0221877    -0.215543  -0.00064503   0.00768825   0.00915954  0.000544237  3.25402e-05  -0.00100146  0.000447918 -0.000903343   0.00260938   0.00280951 -0.000934216   -0.0113644   -0.0179779   -0.0029646  0.000279221  0.000193498  0.000370728   -0.0271864 -5.89303e-12 -5.89303e-12 -5.89303e-12  -0.00319884  7.40903e-05 -2.94244e-13 -3.69227e-13 -5.97952e-12 -1.28828e-05 -2.63889e-12   -0.0127252
 -6.2683e-05 -1.60621e-05 -8.27905e-05 -0.000161891 -6.19334e-05 -1.61947e-05 -0.000162818  -0.00308984    0.0219263     -0.26191    0.0115382     0.569132    0.0157469    -0.402382   -0.0145731    -0.192893  -0.00178431    0.0526431    0.0049828   0.00317142  0.000345342  1.12668e-05 -0.000470482  -0.00119081 -0.000349916   0.00286662 -0.000380071  0.000174604   0.00465512     0.035065 -6.19376e-05 -0.000656379 -0.000342541   0.00142639   -0.0171674 -1.03132e-13 -1.03132e-13 -1.03132e-13  -0.00772263  0.000138088 -5.14948e-15 -6.46175e-15 -1.04646e-13  1.00516e-05  2.27321e-12  -0.00803561
-9.04539e-05 -4.83509e-05 -6.73317e-05 -0.000125806 -8.93726e-05 -4.87498e-05  -0.00211435 -0.000931139     -0.38094    0.0025866     -1.25658    0.0157469      3.05961   -0.0120476    -0.606442    0.0180648   -0.0938986   0.00946792   0.00029033   0.00350275   7.6598e-05  1.24439e-05  -0.00171691  1.02028e-05 -0.000675168    0.0017232   0.00100513   0.00678754    0.0128936   -0.0229062   -0.0184663 -3.66504e-05    0.0132102  0.000140405   -0.0044607 -1.00804e-11 -1.00804e-11 -1.00804e-11   -0.0173109  9.57524e-05 -5.03321e-13 -6.31584e-13 -1.02283e-11 -1.24536e-05 -3.53486e-12  -0.00208793
-0.000118519 -0.000164171  2.15137e-05 -7.66527e-05 -0.000117103 -0.000165525 -0.000181805  -0.00605698  -0.00247061     0.158423  -0.00967511    -0.402382   -0.0120476      0.94305    0.0131796    -0.471192  -0.00475893    -0.217536    0.0153493   -0.0810443 -0.000446847 -0.000287918 -0.000276675   0.00664651 -0.000213719   -0.0127493  -0.00016222   -0.0232262  2.38906e-05    -0.057581 -0.000928632   0.00063076  0.000277081  -0.00164152    0.0396779  1.08527e-12  1.08527e-12  1.08527e-12    0.0059312 -2.70016e-05  5.41882e-14  6.79973e-14  1.10119e-12  7.17912e-06 -1.67931e-12    0.0185722
-0.000272163 -0.000267539  0.000302476  0.000122722  -0.00026891 -0.000269746   0.00121872  0.000190315    0.0589302   0.00976362    -0.529407   -0.0145731    -0.606442    0.0131796       0.7154    -0.041171    -0.176482    0.0446429   -0.0829177   0.00858997  -0.00178661  3.05168e-05  0.000408621 -0.000878614 -0.000300785  -0.00284859  -0.00186481  -0.00258389    0.0132566    0.0283258  -0.00727746 -0.000606395   0.00740842 -0.000605678    0.0430318  5.09788e-12  5.09788e-12  5.09788e-12   0.00935405 -9.83041e-05  2.54542e-13  3.19408e-13  5.17271e-12  6.26801e-06  3.20178e-12     0.020142
 0.000134631  7.36904e-05   3.4953e-05  0.000125491  0.000133022  7.42984e-05  0.000107241   0.00922745  0.000588407   -0.0915348    0.0221877    -0.192893    0.0180648    -0.471192    -0.041171     0.919531   -0.0245539    -0.177691    0.0492065    -0.218728 -0.000265757 -0.000777053  0.000535936  -0.00498803  0.000191747   0.00267166  0.000658527     0.108203   -0.0082892    -0.060582   0.00162029  0.000380893  7.25448e-05 -0.000405238    0.0557103 -2.27387e-12 -2.27387e-12 -2.27387e-12    0.0303316 -6.08996e-05 -1.13536e-13 -1.42469e-13 -2.30724e-12 -1.37687e-05 -1.56512e-12    0.0260765
-0.000537416 -0.000412003 -0.000477182  -1.8028e-05 -0.000530992 -0.000415402  -0.00033781  -0.00101092  -0.00939724    0.0271862    -0.215543  -0.00178431   -0.0938986  -0.00475893    -0.176482   -0.0245539      1.19453    0.0486762     -1.06392   -0.0125688   -0.0153738  -4.4652e-05   0.00295157  -0.00125375  -0.00118726  -0.00330608 -0.000208763   0.00999635   -0.0150966    0.0202801    0.0185615  -0.00102093   -0.0231009 -0.000428856    0.0895193  9.37746e-12  9.37746e-12  9.37746e-12   -0.0403777 -4.90431e-07  4.68225e-13  5.87544e-13   9.5151e-12 -1.49154e-05 -4.45503e-12    0.0419016
  0.00109885  0.000841465 -6.91275e-05  0.000176616   0.00108572  0.000848407   0.00228202   0.00757819   -0.0165761    -0.269348  -0.00064503    0.0526431   0.00946792    -0.217536    0.0446429    -0.177691    0.0486762      2.65176    -0.161945    -0.845947   0.00183224  -0.00300531   0.00226852   0.00211846   0.00219979    0.0124465   0.00199951   -0.0347799   0.00837746   0.00415897 -0.000796901   0.00191243    0.0046203    0.0022574    -0.242024  4.97484e-12  4.97484e-12  4.97484e-12   -0.0777975  6.61739e-05  2.48398e-13  3.11699e-13  5.04786e-12 -1.96993e-06 -6.12598e-12    -0.113285
  0.00184261   0.00192139 -0.000336481 -0.000125016   0.00182059   0.00193724   0.00512042   0.00348674    -0.654978   -0.0215467   0.00768825    0.0049828   0.00029033    0.0153493   -0.0829177    0.0492065     -1.06392    -0.161945       3.2013     0.049042    -0.010483  0.000174227   0.00287906   0.00573766    0.0057948    0.0100803   0.00195081   -0.0455678  -0.00121096   -0.0151228     0.022583    0.0039544  -0.00751092    0.0038718    -0.243373 -1.61322e-12 -1.61322e-12 -1.61322e-12   -0.0311756  7.31397e-05 -8.05497e-14 -1.01076e-13  -1.6369e-12  3.70728e-06 -2.49458e-12    -0.113916
-0.000802623 -0.000865498 -5.07841e-05  0.000196141 -0.000793028 -0.000872638  -0.00150381   0.00207461  -0.00855501    -0.332503   0.00915954   0.00317142   0.00350275   -0.0810443   0.00858997    -0.218728   -0.0125688    -0.845947     0.049042      3.54001 -0.000781114  -0.00272373  -0.00187317  -0.00383689  -0.00156175   -0.0156974  -0.00218149     0.149484   0.00819541     0.118497  -0.00347619  -0.00369137 -0.000392611   0.00206888    0.0871555  3.76368e-12  3.76368e-12  3.76368e-12   0.00193473  0.000128244  1.87924e-13  2.35813e-13  3.81892e-12  4.38635e-06 -2.63304e-12    0.0407951
-2.57716e-05 -2.44379e-05 -3.46717e-06    -1.42e-06 -2.54636e-05 -2.46395e-05 -3.28564e-05 -6.63558e-05  -0.00866411  0.000397817  0.000544237  0.000345342   7.6598e-05 -0.000446847  -0.00178661 -0.000265757   -0.0153738   0.00183224    -0.010483 -0.000781114       4.3065 -2.77499e-06 -6.46245e-05 -6.07671e-05 -2.52127e-05 -0.000118343 -7.72691e-05  0.000773316 -8.77825e-05 -0.000331298  0.000183911 -5.00901e-05 -0.000180613 -4.38614e-05   0.00321407 -1.09256e-14 -1.09256e-14 -1.09256e-14  0.000825213  1.70105e-06 -5.45525e-16 -6.84544e-16  -1.1086e-14  4.07806e-08 -1.13985e-13   0.00150442
 -2.8514e-06 -3.07477e-06 -1.80416e-07  6.96813e-07 -2.81732e-06 -3.10014e-06 -5.34244e-06  7.37027e-06 -3.03926e-05  -0.00118125  3.25402e-05  1.12668e-05  1.24439e-05 -0.000287918  3.05168e-05 -0.000777053  -4.4652e-05  -0.00300531  0.000174227  -0.00272373 -2.77499e-06      4.30668 -6.65461e-06 -1.36309e-05 -5.54826e-06 -5.57667e-05 -7.74998e-06  0.000531057   2.9115e-05  0.000420973 -1.23495e-05  -1.3114e-05 -1.39479e-06  7.34989e-06  0.000309629  1.33709e-14  1.33709e-14  1.33709e-14  6.87333e-06  4.55601e-07  6.67619e-16  8.37751e-16  1.35671e-14   1.5583e-08 -9.35415e-15  0.000144929
 1.24149e-05  1.32124e-05 -3.21999e-06  4.59709e-06  1.22665e-05  1.33214e-05  3.73805e-05  2.92523e-05  -0.00333973  0.000973325  -0.00100146 -0.000470482  -0.00171691 -0.000276675  0.000408621  0.000535936   0.00295157   0.00226852   0.00287906  -0.00187317 -6.46245e-05 -6.65461e-06   0.00023787  3.03704e-05 -9.28265e-05 -0.000148981  0.000157948  0.000536137  -0.00104201   0.00112469  -2.9206e-05  1.65553e-05  0.000141919  3.12076e-05   0.00626653  -2.7079e-13  -2.7079e-13  -2.7079e-13    0.0020432 -1.54663e-06 -1.35208e-14 -1.69664e-14 -2.74765e-13 -5.89551e-07  8.48654e-15   0.00293319
 2.72691e-05  2.72374e-05 -3.42368e-06 -8.46891e-06  2.69431e-05  2.74621e-05  5.52864e-05 -0.000238608  0.000972753    0.0115544  0.000447918  -0.00119081  1.02028e-05   0.00664651 -0.000878614  -0.00498803  -0.00125375   0.00211846   0.00573766  -0.00383689 -6.07671e-05 -1.36309e-05  3.03704e-05    0.0014214  4.96787e-05  -0.00300995  4.26327e-05  -0.00401379   0.00033078   0.00781085  2.21149e-05  2.29033e-05  7.42266e-05  0.000132333   0.00832063 -6.85986e-14 -6.85986e-14 -6.85986e-14   0.00194717  5.67983e-06 -3.42519e-15 -4.29804e-15 -6.96055e-14  1.08829e-06  1.37116e-15   0.00389466
 1.79533e-05  1.71197e-05  5.97629e-07  2.55503e-06  1.77387e-05  1.72609e-05  3.81907e-05  3.10198e-05 -0.000433781   0.00121351 -0.000903343 -0.000349916 -0.000675168 -0.000213719 -0.000300785  0.000191747  -0.00118726   0.00219979    0.0057948  -0.00156175 -2.52127e-05 -5.54826e-06 -9.28265e-05  4.96787e-05  0.000196145 -0.000171023 -0.000138135  0.000529012   0.00115822   0.00132222  0.000234569    2.299e-05 -0.000192829  4.85508e-05   0.00618792  8.11794e-14  8.11794e-14  8.11794e-14   0.00070066 -8.15592e-07  4.05336e-15  5.08629e-15   8.2371e-14 -3.52947e-07 -2.50954e-14    0.0028964
-8.37341e-05 -8.78279e-05  1.21804e-06 -4.25422e-05 -8.27332e-05 -8.85525e-05 -0.000170305 -0.000327566   -0.0016891    0.0283808   0.00260938   0.00286662    0.0017232   -0.0127493  -0.00284859   0.00267166  -0.00330608    0.0124465    0.0100803   -0.0156974 -0.000118343 -5.57667e-05 -0.000148981  -0.00300995 -0.000171023    0.0301289 -0.000177744    -0.108555 -0.000217247   -0.0409391 -0.000126146  0.000243412 -0.000173905 -0.000687339     0.015328 -1.22182e-12 -1.22182e-12 -1.22182e-12   0.00146593  3.29207e-06 -6.10066e-14 -7.65531e-14 -1.23975e-12 -1.32783e-06  2.51722e-13   0.00717461
 1.16532e-05  1.15329e-05 -4.25993e-06   4.0984e-06  1.15139e-05   1.1628e-05  1.76476e-05  2.71507e-05 -0.000900422  0.000550201   0.00280951 -0.000380071   0.00100513  -0.00016222  -0.00186481  0.000658527 -0.000208763   0.00199951   0.00195081  -0.00218149 -7.72691e-05 -7.74998e-06  0.000157948  4.26327e-05 -0.000138135 -0.000177744  0.000241341  0.000598545  -0.00163921  0.000760779 -0.000183829  1.75242e-05  0.000280349    2.101e-05   0.00629754  1.15336e-13  1.15336e-13  1.15336e-13  0.000907231 -1.81668e-06  5.75881e-15  7.22635e-15  1.17028e-13  2.64986e-07 -1.45359e-13   0.00294771
 0.000295316  0.000297149 -2.21579e-05  0.000236157  0.000291786  0.000299601  0.000541117   0.00574959    0.0115853    -0.381124 -0.000934216  0.000174604   0.00678754   -0.0232262  -0.00258389     0.108203   0.00999635   -0.0347799   -0.0455678     0.149484  0.000773316  0.000531057  0.000536137  -0.00401379  0.000529012    -0.108555  0.000598545     0.946998 -0.000402779     -0.34231   0.00180767  0.000846271 -0.000476101 -0.000107019    -0.083894  3.14905e-13  3.14905e-13  3.14905e-13   -0.0147418  1.86958e-05  1.57235e-14  1.97304e-14  3.19527e-13 -1.06977e-06 -2.82686e-12   -0.0392685
 3.42624e-05  2.75544e-05  -6.3952e-05 -3.52622e-05  3.38529e-05  2.77818e-05  0.000103371 -0.000233834    -0.017402   0.00875105   -0.0113644   0.00465512    0.0128936  2.38906e-05    0.0132566   -0.0082892   -0.0150966   0.00837746  -0.00121096   0.00819541 -8.77825e-05   2.9115e-05  -0.00104201   0.00033078   0.00115822 -0.000217247  -0.00163921 -0.000402779    0.0268989   0.00196739  -0.00775026  1.10469e-05   0.00505901  0.000258854   0.00440835 -6.05482e-14 -6.05482e-14 -6.05482e-14   0.00982339  3.12006e-05 -3.02322e-15 -3.79365e-15 -6.14369e-14  1.84371e-06   2.1329e-12   0.00206343
  0.00045163  0.000458588   4.6647e-05   0.00034601  0.000446232  0.000462371   0.00101639  -0.00147054   -0.0286891     0.145169   -0.0179779     0.035065   -0.0229062    -0.057581    0.0283258    -0.060582    0.0202801   0.00415897   -0.0151228     0.118497 -0.000331298  0.000420973   0.00112469   0.00781085   0.00132222   -0.0409391  0.000760779     -0.34231   0.00196739     0.996558  0.000242827  -0.00603173   0.00113257    0.0113993   0.00818227  3.20092e-12  3.20092e-12  3.20092e-12    0.0304645 -9.50443e-05  1.59825e-13  2.00553e-13   3.2479e-12  -8.2884e-06 -5.38952e-12    0.0038299
  1.9579e-05  3.22303e-05  4.64043e-05 -1.11985e-05   1.9345e-05  3.24962e-05  7.61215e-05  4.19974e-05    0.0110295   0.00133085   -0.0029646 -6.19376e-05   -0.0184663 -0.000928632  -0.00727746   0.00162029    0.0185615 -0.000796901     0.022583  -0.00347619  0.000183911 -1.23495e-05  -2.9206e-05  2.21149e-05  0.000234569 -0.000126146 -0.000183829   0.00180767  -0.00775026  0.000242827    0.0116931  5.68088e-05   -0.0111291  9.78096e-05   0.00682594 -1.39199e-12 -1.39199e-12 -1.39199e-12  -0.00993149  2.53168e-06 -6.95031e-14 -8.72149e-14 -1.41242e-12 -2.32745e-06 -7.21235e-13   0.00319504
 9.94203e-06  1.00009e-05 -2.23911e-07 -4.63702e-06  9.82319e-06  1.00834e-05  2.00092e-05  1.34625e-05 -0.000103739   0.00116323  0.000279221 -0.000656379 -3.66504e-05   0.00063076 -0.000606395  0.000380893  -0.00102093   0.00191243    0.0039544  -0.00369137 -5.00901e-05  -1.3114e-05  1.65553e-05  2.29033e-05    2.299e-05  0.000243412  1.75242e-05  0.000846271  1.10469e-05  -0.00603173  5.68088e-05  7.67721e-05 -9.99045e-06 -7.00247e-05    0.0062376  5.71071e-15  5.71071e-15  5.71071e-15   0.00070553  2.74473e-07   2.8514e-16  3.57804e-16  5.79453e-15  7.82915e-08  9.48073e-15   0.00291965
 1.11643e-05 -2.18817e-06  -1.8591e-05  1.47355e-05  1.10308e-05 -2.20623e-06 -9.65306e-06  3.57919e-06  -0.00683093  0.000175695  0.000193498 -0.000342541    0.0132102  0.000277081   0.00740842  7.25448e-05   -0.0231009    0.0046203  -0.00751092 -0.000392611 -0.000180613 -1.39479e-06  0.000141919  7.42266e-05 -0.000192829 -0.000173905  0.000280349 -0.000476101   0.00505901   0.00113257   -0.0111291 -9.99045e-06    0.0117239 -2.36858e-05   0.00504841  1.22454e-12  1.22454e-12  1.22454e-12    0.0100744 -3.35568e-06  6.11422e-14  7.67234e-14  1.24251e-12  2.03176e-06  2.04406e-13   0.00236302
 2.05902e-05  2.01555e-05 -3.05603e-06  5.19554e-07  2.03441e-05  2.03218e-05  4.27404e-05 -1.82694e-05 -0.000193255   0.00176538  0.000370728   0.00142639  0.000140405  -0.00164152 -0.000605678 -0.000405238 -0.000428856    0.0022574    0.0038718   0.00206888 -4.38614e-05  7.34989e-06  3.12076e-05  0.000132333  4.85508e-05 -0.000687339    2.101e-05 -0.000107019  0.000258854    0.0113993  9.78096e-05 -7.00247e-05 -2.36858e-05  0.000253147   0.00578977 -3.57012e-14 -3.57012e-14 -3.57012e-14  0.000458512  3.73412e-06 -1.78259e-15 -2.23686e-15 -3.62252e-14  5.57568e-08 -1.12224e-13   0.00271003
  0.00305548   0.00303688 -5.71636e-05 -1.31628e-05   0.00301896   0.00306193   0.00611593   0.00685952   0.00606832   -0.0416394   -0.0271864   -0.0171674   -0.0044607    0.0396779    0.0430318    0.0557103    0.0895193    -0.242024    -0.243373    0.0871555   0.00321407  0.000309629   0.00626653   0.00832063   0.00618792     0.015328   0.00629754    -0.083894   0.00440835   0.00818227   0.00682594    0.0062376   0.00504841   0.00578977      3.91476 -6.23159e-13 -6.23159e-13 -6.23159e-13   -0.0755421 -4.56238e-05 -3.11149e-14  -3.9044e-14 -6.32305e-13  4.71737e-07  4.98533e-12    -0.183455
 1.39093e-14 -3.17699e-15 -4.04627e-14  1.67954e-15  1.37431e-14 -3.20319e-15  3.65456e-14  5.10672e-14 -8.82542e-12 -2.51283e-12 -5.89303e-12 -1.03132e-13 -1.00804e-11  1.08527e-12  5.09788e-12 -2.27387e-12  9.37746e-12  4.97484e-12 -1.61322e-12  3.76368e-12 -1.09256e-14  1.33709e-14  -2.7079e-13 -6.85986e-14  8.11794e-14 -1.22182e-12  1.15336e-13  3.14905e-13 -6.05482e-14  3.20092e-12 -1.39199e-12  5.71071e-15  1.22454e-12 -3.57012e-14 -6.23159e-13      4.30669 -6.66256e-21 -6.66256e-21  9.47246e-13  1.98221e-15 -3.32667e-22 -4.17442e-22 -6.76035e-21  -4.9217e-17  -1.2295e-21 -2.91684e-13
 1.39093e-14 -3.17699e-15 -4.04627e-14  1.67954e-15  1.37431e-14 -3.20319e-15  3.65456e-14  5.10672e-14 -8.82542e-12 -2.51283e-12 -5.89303e-12 -1.03132e-13 -1.00804e-11  1.08527e-12  5.09788e-12 -2.27387e-12  9.37746e-12  4.97484e-12 -1.61322e-12  3.76368e-12 -1.09256e-14  1.33709e-14  -2.7079e-13 -6.85986e-14  8.11794e-14 -1.22182e-12  1.15336e-13  3.14905e-13 -6.05482e-14  3.20092e-12 -1.39199e-12  5.71071e-15  1.22454e-12 -3.57012e-14 -6.23159e-13 -6.66256e-21      4.30669 -6.66256e-21  9.47246e-13  1.98221e-15 -3.32667e-22 -4.17442e-22 -6.76035e-21  -4.9217e-17  -1.2295e-21 -2.91684e-13
 1.39093e-14 -3.17699e-15 -4.04627e-14  1.67954e-15  1.37431e-14 -3.20319e-15  3.65456e-14  5.10672e-14 -8.82542e-12 -2.51283e-12 -5.89303e-12 -1.03132e-13 -1.00804e-11  1.08527e-12  5.09788e-12 -2.27387e-12  9.37746e-12  4.97484e-12 -1.61322e-12  3.76368e-12 -1.09256e-14  1.33709e-14  -2.7079e-13 -6.85986e-14  8.11794e-14 -1.22182e-12  1.15336e-13  3.14905e-13 -6.05482e-14  3.20092e-12 -1.39199e-12  5.71071e-15  1.22454e-12 -3.57012e-14 -6.23159e-13 -6.66256e-21 -6.66256e-21      4.30669  9.47246e-13  1.98221e-15 -3.32667e-22 -4.17442e-22 -6.76035e-21  -4.9217e-17  -1.2295e-21 -2.91684e-13
 0.000760193  0.000751673   0.00078537   0.00090944  0.000751106  0.000757875   0.00126021   0.00205165     0.114647  -0.00456732  -0.00319884  -0.00772263   -0.0173109    0.0059312   0.00935405    0.0303316   -0.0403777   -0.0777975   -0.0311756   0.00193473  0.000825213  6.87333e-06    0.0020432   0.00194717   0.00070066   0.00146593  0.000907231   -0.0147418   0.00982339    0.0304645  -0.00993149   0.00070553    0.0100744  0.000458512   -0.0755421  9.47246e-13  9.47246e-13  9.47246e-13      1.54484  7.96507e-05  4.72968e-14  5.93497e-14   9.6115e-13  3.22522e-06  6.11199e-13   -0.0353592
 1.17032e-07    1.793e-07  -4.5646e-07 -1.09171e-06  1.15633e-07  1.80779e-07  3.04908e-08 -7.07592e-06  0.000111729  0.000107799  7.40903e-05  0.000138088  9.57524e-05 -2.70016e-05 -9.83041e-05 -6.08996e-05 -4.90431e-07  6.61739e-05  7.31397e-05  0.000128244  1.70105e-06  4.55601e-07 -1.54663e-06  5.67983e-06 -8.15592e-07  3.29207e-06 -1.81668e-06  1.86958e-05  3.12006e-05 -9.50443e-05  2.53168e-06  2.74473e-07 -3.35568e-06  3.73412e-06 -4.56238e-05  1.98221e-15  1.98221e-15  1.98221e-15  7.96507e-05  8.43932e-07  9.89732e-17  1.24195e-16   2.0113e-15  3.84484e-08 -2.01856e-15 -2.13553e-05
 6.94505e-16  -1.5863e-16 -2.02034e-15  8.38609e-17  6.86204e-16 -1.59938e-16  1.82475e-15  2.54983e-15 -4.40661e-13 -1.25468e-13 -2.94244e-13 -5.14948e-15 -5.03321e-13  5.41882e-14  2.54542e-13 -1.13536e-13  4.68225e-13  2.48398e-13 -8.05497e-14  1.87924e-13 -5.45525e-16  6.67619e-16 -1.35208e-14 -3.42519e-15  4.05336e-15 -6.10066e-14  5.75881e-15  1.57235e-14 -3.02322e-15  1.59825e-13 -6.95031e-14   2.8514e-16  6.11422e-14 -1.78259e-15 -3.11149e-14 -3.32667e-22 -3.32667e-22 -3.32667e-22  4.72968e-14  9.89732e-17       5.0625 -2.08433e-23  -3.3755e-22 -2.45745e-18 -6.13899e-23  -1.4564e-14
 8.71489e-16 -1.99054e-16 -2.53519e-15  1.05232e-16  8.61072e-16 -2.00696e-16  2.28976e-15  3.19961e-15 -5.52956e-13 -1.57441e-13 -3.69227e-13 -6.46175e-15 -6.31584e-13  6.79973e-14  3.19408e-13 -1.42469e-13  5.87544e-13  3.11699e-13 -1.01076e-13  2.35813e-13 -6.84544e-16  8.37751e-16 -1.69664e-14 -4.29804e-15  5.08629e-15 -7.65531e-14  7.22635e-15  1.97304e-14 -3.79365e-15  2.00553e-13 -8.72149e-14  3.57804e-16  7.67234e-14 -2.23686e-15  -3.9044e-14 -4.17442e-22 -4.17442e-22 -4.17442e-22  5.93497e-14  1.24195e-16 -2.08433e-23      5.61349 -4.23569e-22 -3.08369e-18 -7.70341e-23 -1.82754e-14
 1.41135e-14 -3.22362e-15 -4.10566e-14  1.70419e-15  1.39448e-14 -3.25021e-15   3.7082e-14  5.18167e-14 -8.95496e-12 -2.54971e-12 -5.97952e-12 -1.04646e-13 -1.02283e-11  1.10119e-12  5.17271e-12 -2.30724e-12   9.5151e-12  5.04786e-12  -1.6369e-12  3.81892e-12  -1.1086e-14  1.35671e-14 -2.74765e-13 -6.96055e-14   8.2371e-14 -1.23975e-12  1.17028e-13  3.19527e-13 -6.14369e-14   3.2479e-12 -1.41242e-12  5.79453e-15  1.24251e-12 -3.62252e-14 -6.32305e-13 -6.76035e-21 -6.76035e-21 -6.76035e-21   9.6115e-13   2.0113e-15  -3.3755e-22 -4.23569e-22      4.36991 -4.99394e-17 -1.24754e-21 -2.95965e-13
-4.27079e-09  3.31046e-09 -1.46798e-08 -5.84601e-08 -4.21973e-09  3.33776e-09 -2.48306e-08 -3.86115e-07  4.59509e-05 -2.77806e-07 -1.28828e-05  1.00516e-05 -1.24536e-05  7.17912e-06  6.26801e-06 -1.37687e-05 -1.49154e-05 -1.96993e-06  3.70728e-06  4.38635e-06  4.07806e-08   1.5583e-08 -5.89551e-07  1.08829e-06 -3.52947e-07 -1.32783e-06  2.64986e-07 -1.06977e-06  1.84371e-06  -8.2884e-06 -2.32745e-06  7.82915e-08  2.03176e-06  5.57568e-08  4.71737e-07  -4.9217e-17  -4.9217e-17  -4.9217e-17  3.22522e-06  3.84484e-08 -2.45745e-18 -3.08369e-18 -4.99394e-17  3.61763e-08  1.84308e-16  2.20807e-07
-1.05478e-14 -1.37243e-14 -1.79261e-15  4.28407e-15 -1.04217e-14 -1.38375e-14  8.27573e-15  -9.6178e-14 -8.35946e-12  3.02889e-12 -2.63889e-12  2.27321e-12 -3.53486e-12 -1.67931e-12  3.20178e-12 -1.56512e-12 -4.45503e-12 -6.12598e-12 -2.49458e-12 -2.63304e-12 -1.13985e-13 -9.35415e-15  8.48654e-15  1.37116e-15 -2.50954e-14  2.51722e-13 -1.45359e-13 -2.82686e-12   2.1329e-12 -5.38952e-12 -7.21235e-13  9.48073e-15  2.04406e-13 -1.12224e-13  4.98533e-12  -1.2295e-21  -1.2295e-21  -1.2295e-21  6.11199e-13 -2.01856e-15 -6.13899e-23 -7.70341e-23 -1.24754e-21  1.84308e-16            4   2.3335e-12
  0.00143019   0.00142148 -2.67567e-05 -6.16113e-06   0.00141309   0.00143321    0.0028627   0.00321075   0.00284042   -0.0194903   -0.0127252  -0.00803561  -0.00208793    0.0185722     0.020142    0.0260765    0.0419016    -0.113285    -0.113916    0.0407951   0.00150442  0.000144929   0.00293319   0.00389466    0.0028964   0.00717461   0.00294771   -0.0392685   0.00206343    0.0038299   0.00319504   0.00291965   0.00236302   0.00271003    -0.183455 -2.91684e-13 -2.91684e-13 -2.91684e-13   -0.0353592 -2.13553e-05  -1.4564e-14 -1.82754e-14 -2.95965e-13  2.20807e-07   2.3335e-12      3.91413
* row and column names
ddgd
ddgw
ddsd
ddsw
rcgd
rcgw
rcr1d
rcr1w
rcr2d
rcr2w
rcr3d
rcr3w
rcr4d
rcr4w
rcr5d
rcr5w
rcr6d
rcr6w
rcr7d
rcr7w
rcr8d
rcr8w
rcs1d
rcs1w
rcs2d
rcs2w
rcs3d
rcs3w
rcs4d
rcs4w
rcs5d
rcs5w
rcs6d
rcs6w
rcs7d
rcs7w
rcs8d
rcs8w
tcrit
tl
tlr
tls
x
xw
y
yw
