    46    46     1
     2.14386    9.612e-06 -2.77611e-07  8.15982e-07     -2.15874  9.67531e-06  1.95576e-05  1.36148e-05 -7.88914e-05  0.000517828  0.000102955 -7.60412e-05 -9.38484e-05 -8.76414e-05 -0.000238828  0.000178328 -0.000469699  0.000909826   0.00165091 -0.000734783   0.00303979 -2.61039e-06  1.73022e-05  3.37621e-05  2.27857e-05 -7.17735e-05  1.65647e-05    0.0002299  3.77118e-05  0.000457913  2.48883e-05  1.48091e-05  1.51206e-05  2.51067e-05   0.00274968 -2.25197e-14 -2.25197e-14 -2.25197e-14  0.000701252  8.16395e-08 -1.17365e-16 -1.47274e-16 -2.38506e-15 -3.88285e-09  6.22138e-15   0.00128705
   9.612e-06      2.18766  -8.5042e-08  8.29196e-07  9.48112e-06     -2.15871   1.9491e-05  1.21955e-05 -9.42202e-05  0.000602567  9.34762e-05 -2.93654e-05 -5.18481e-05 -0.000133357 -0.000234337  0.000116807 -0.000344656  0.000653894   0.00173096 -0.000797781   0.00302136  -2.8342e-06  1.80718e-05   3.3692e-05  2.19205e-05 -7.59345e-05  1.64164e-05  0.000232039  3.09222e-05  0.000464935  3.75697e-05  1.48382e-05  1.69221e-06   2.4646e-05   0.00273283 -1.29873e-14 -1.29873e-14 -1.29873e-14  0.000693157  1.44022e-07  5.34022e-17  6.70109e-17  1.08522e-15   3.6811e-09  2.91426e-15   0.00127916
-2.77611e-07  -8.5042e-08  3.29633e-06  1.11596e-06 -2.74293e-07 -8.57437e-08 -1.04438e-06  4.62766e-06  0.000615442 -7.68276e-05 -0.000184504 -8.26086e-05 -6.68879e-05  2.09874e-05  0.000301908  3.39914e-05  -0.00047808 -6.54458e-05 -0.000333523 -5.20058e-05 -5.74553e-05 -1.84756e-07 -3.31363e-06 -3.54649e-06  5.18927e-07  9.87034e-07 -4.35778e-06 -2.09814e-05 -6.38662e-05  4.66311e-05  4.62089e-05  -3.1627e-07 -1.86498e-05  -3.1426e-06 -5.13368e-05 -4.24456e-14 -4.24456e-14 -4.24456e-14  0.000786213 -4.56243e-07  4.93055e-16  6.18703e-16  1.00197e-14 -1.46799e-08 -1.14957e-14 -2.40294e-05
 8.15982e-07  8.29196e-07  1.11596e-06  4.64903e-06  8.06229e-07  8.36037e-07  1.68378e-06   1.3676e-05 -8.73848e-05 -0.000294518 -8.33363e-05 -0.000161806 -0.000125895 -7.68596e-05  0.000122649  0.000125483 -1.82202e-05  0.000177255 -0.000124078  0.000195689 -1.32992e-05  6.95205e-07  4.57674e-06 -8.49714e-06   2.5328e-06 -4.25977e-05  4.07494e-06  0.000236501 -3.52379e-05  0.000345915 -1.12419e-05 -4.65797e-06  1.47491e-05  4.99516e-07 -1.17845e-05 -1.42898e-14 -1.42898e-14 -1.42898e-14  0.000909612 -1.09143e-06 -3.87901e-16 -4.86751e-16 -7.88278e-15 -5.84475e-08  1.29656e-14 -5.51599e-06
    -2.15874  9.48112e-06 -2.74293e-07  8.06229e-07      2.17376  9.57543e-06  1.93238e-05  1.34521e-05 -7.79483e-05  0.000511639  0.000101724 -7.51319e-05 -9.27272e-05 -8.65941e-05 -0.000235973  0.000176196 -0.000464085  0.000898951   0.00163118    -0.000726   0.00300345 -2.57919e-06  1.70953e-05  3.33586e-05  2.25133e-05 -7.09156e-05  1.63667e-05  0.000227152   3.7261e-05   0.00045244  2.45909e-05   1.4632e-05  1.49399e-05  2.48066e-05   0.00271681 -2.22505e-14 -2.22505e-14 -2.22505e-14   0.00069287  8.06637e-08 -1.15962e-16 -1.45513e-16 -2.35655e-15 -3.83643e-09  6.14702e-15   0.00127167
 9.67531e-06     -2.15871 -8.57437e-08  8.36037e-07  9.57543e-06      2.13018  1.96518e-05  1.22961e-05 -9.49977e-05  0.000607539  9.42476e-05 -2.96076e-05  -5.2276e-05 -0.000134457  -0.00023627  0.000117771   -0.0003475  0.000659289   0.00174524 -0.000804363   0.00304629 -2.85758e-06  1.82209e-05  3.39699e-05  2.21014e-05 -7.65609e-05  1.65518e-05  0.000233953  3.11774e-05  0.000468771  3.78797e-05  1.49606e-05  1.70617e-06  2.48494e-05   0.00275537 -1.30945e-14 -1.30945e-14 -1.30945e-14  0.000698875   1.4521e-07  5.38427e-17  6.75636e-17  1.09417e-15  3.71147e-09  2.93829e-15   0.00128971
 1.95576e-05   1.9491e-05 -1.04438e-06  1.68378e-06  1.93238e-05  1.96518e-05  4.93754e-05  2.88843e-05   -0.0017783   0.00111415    -0.001456  -0.00018964  -0.00212204 -0.000119811   0.00128614  0.000194382 -0.000201143   0.00190385   0.00473722   -0.0013676   0.00608732 -4.85853e-06  4.71575e-05    6.829e-05  4.78629e-05 -0.000146344  2.75064e-05  0.000409988  0.000109895   0.00102912  8.68703e-05   2.9756e-05 -1.80339e-06  5.17857e-05   0.00550336 -1.54353e-15 -1.54353e-15 -1.54353e-15   0.00114263 -4.07062e-08  2.01869e-15  2.53313e-15  4.10232e-14 -2.40572e-08 -3.53214e-14   0.00257597
 1.36148e-05  1.21955e-05  4.62766e-06   1.3676e-05  1.34521e-05  1.22961e-05  2.88843e-05  0.000466636 -0.000992396   -0.0170778  -0.00047301  -0.00311959 -0.000939571  -0.00598792  0.000265838    0.0093261 -0.000858558   0.00715388   0.00305724   0.00222663   0.00682303  7.91035e-06   4.0233e-05 -0.000224061  4.18498e-05 -0.000300723  3.81638e-05   0.00560348 -0.000226089  -0.00145729  5.40673e-05  2.43888e-05  1.23725e-05 -8.14009e-06   0.00617323 -2.43421e-13 -2.43421e-13 -2.43421e-13   0.00191927 -7.15473e-06  -3.3797e-15 -4.24096e-15  -6.8681e-14 -3.85158e-07 -2.35768e-15   0.00288952
-7.88914e-05 -9.42202e-05  0.000615442 -8.73848e-05 -7.79483e-05 -9.49977e-05   -0.0017783 -0.000992396      1.54124  -0.00625898    -0.536165    0.0219164    -0.380828  -0.00243596    0.0587959   0.00067565   -0.0092464   -0.0169221    -0.655302  -0.00847679   0.00466938 -3.01147e-05  -0.00332999  0.000983571 -0.000423788  -0.00167176 -0.000896985    0.0114912   -0.0173019   -0.0286901    0.0109973 -9.59171e-05  -0.00679807 -0.000185846   0.00560591 -1.27704e-11 -1.27704e-11 -1.27704e-11     0.114424  0.000111727 -5.32822e-13 -6.68603e-13 -1.08278e-11  4.59536e-05  2.59179e-11   0.00262397
 0.000517828  0.000602567 -7.68276e-05 -0.000294518  0.000511639  0.000607539   0.00111415   -0.0170778  -0.00625898      1.53967  0.000131509    -0.261725   0.00264044     0.157962    0.0093421   -0.0920178    0.0262197    -0.266889   -0.0189519    -0.333516   -0.0414068  -0.00118485   0.00090679    0.0114672   0.00114737    0.0282181   0.00048335    -0.380239   0.00869985      0.14508   0.00126472     0.001097  0.000115113   0.00170385   -0.0374625  8.13597e-12  8.13597e-12  8.13597e-12   -0.0037661  0.000108335 -4.99523e-14 -6.26819e-14 -1.01511e-12 -2.87699e-07 -3.62012e-13   -0.0175352
 0.000102955  9.34762e-05 -0.000184504 -8.33363e-05  0.000101724  9.42476e-05    -0.001456  -0.00047301    -0.536165  0.000131509      2.77291    0.0116698     -1.25639  -0.00996522    -0.529719    0.0218293    -0.216501   0.00103009   0.00926865   0.00853352   -0.0269699  3.03162e-05  -0.00104176  0.000389618 -0.000948138   0.00250344   0.00276191 -0.000337402   -0.0113792   -0.0180494  -0.00296961  0.000235706  0.000117325  0.000330582   -0.0244463  9.16563e-12  9.16563e-12  9.16563e-12  -0.00268834  7.44768e-05  2.68214e-13  3.36564e-13  5.45055e-12  -1.2898e-05 -1.42811e-12   -0.0114426
-7.60412e-05 -2.93654e-05 -8.26086e-05 -0.000161806 -7.51319e-05 -2.96076e-05  -0.00018964  -0.00311959    0.0219164    -0.261725    0.0116698     0.569207    0.0157763    -0.402543    -0.014778    -0.193181  -0.00215996    0.0537396   0.00605051   0.00282338   -0.0170548  1.00303e-05 -0.000498156  -0.00122714 -0.000376696   0.00279961 -0.000407411  0.000532144   0.00463463    0.0350421 -9.39943e-05 -0.000683734 -0.000363559   0.00140116   -0.0154593  7.83067e-12  7.83067e-12  7.83067e-12  -0.00738555  0.000138262  2.74523e-13   3.4448e-13  5.57875e-12  1.00493e-05   4.1576e-13  -0.00723608
-9.38484e-05 -5.18481e-05 -6.68879e-05 -0.000125895 -9.27272e-05  -5.2276e-05  -0.00212204 -0.000939571    -0.380828   0.00264044     -1.25639    0.0157763      3.05972   -0.0120961    -0.606553    0.0180012   -0.0942097   0.00975464  0.000468096   0.00340699  -0.00442072  1.21037e-05  -0.00172224  9.78448e-07 -0.000682371   0.00170549  0.000994187    0.0068884    0.0129414   -0.0229241   -0.0184842 -4.37951e-05    0.0132135  0.000133995  -0.00400485  8.78867e-12  8.78867e-12  8.78867e-12   -0.0172734   9.5857e-05  3.05326e-13  3.83133e-13  6.20472e-12 -1.24505e-05 -1.88834e-12  -0.00187456
-8.76414e-05 -0.000133357  2.09874e-05 -7.68596e-05 -8.65941e-05 -0.000134457 -0.000119811  -0.00598792  -0.00243596     0.157962  -0.00996522    -0.402543   -0.0120961     0.943412    0.0136512    -0.470501  -0.00389494    -0.220119    0.0128763   -0.0802766    0.0394834 -0.000285191 -0.000213338   0.00673049 -0.000151289   -0.0125953  -9.8907e-05   -0.0240387  7.09011e-05    -0.057545 -0.000856543  0.000694149  0.000325874  -0.00158325    0.0357332 -3.62493e-12 -3.62493e-12 -3.62493e-12   0.00516431 -2.73842e-05  -1.6926e-14 -2.12394e-14 -3.43965e-13  7.19087e-06  4.77549e-12    0.0167258
-0.000238828 -0.000234337  0.000301908  0.000122649 -0.000235973  -0.00023627   0.00128614  0.000265838    0.0587959    0.0093421    -0.529719    -0.014778    -0.606553    0.0136512     0.715924   -0.0406649    -0.175337    0.0420991   -0.0855538   0.00963409    0.0425558  3.42261e-05  0.000475291 -0.000787518 -0.000232576  -0.00268042  -0.00179469  -0.00353013    0.0132848    0.0284597   -0.0071942 -0.000538326   0.00745756 -0.000541938    0.0387228  1.64487e-12  1.64487e-12  1.64487e-12   0.00854327 -9.88744e-05 -4.89135e-14 -6.13784e-14 -9.94004e-13  6.26499e-06 -1.45467e-11    0.0181251
 0.000178328  0.000116807  3.39914e-05  0.000125483  0.000176196  0.000117771  0.000194382    0.0093261   0.00067565   -0.0920178    0.0218293    -0.193181    0.0180012    -0.470501   -0.0406649      0.91998   -0.0232554    -0.180798     0.045698    -0.217193    0.0553896   -0.0007716  0.000625515  -0.00486894  0.000280713   0.00289266  0.000749115     0.106912  -0.00822932    -0.060341   0.00170834  0.000469173  0.000153927 -0.000321788    0.0500706 -9.78743e-12 -9.78743e-12 -9.78743e-12     0.029255 -6.17504e-05 -5.16287e-13 -6.47854e-13 -1.04918e-11 -1.37722e-05 -8.01275e-12    0.0234367
-0.000469699 -0.000344656  -0.00047808 -1.82202e-05 -0.000464085   -0.0003475 -0.000201143 -0.000858558   -0.0092464    0.0262197    -0.216501  -0.00215996   -0.0942097  -0.00389494    -0.175337   -0.0232554      1.19638     0.043244     -1.06934   -0.0106752     0.086717 -3.79247e-05   0.00308906  -0.00106978   -0.0010527  -0.00296361 -6.35498e-05   0.00814285   -0.0151072    0.0204322    0.0187522 -0.000882535   -0.0230153 -0.000301032    0.0807868 -7.65626e-12 -7.65626e-12 -7.65626e-12     -0.04192 -1.47834e-06  -9.3617e-14 -1.17474e-13 -1.90245e-12  -1.4903e-05  4.32587e-13    0.0378141
 0.000909826  0.000653894 -6.54458e-05  0.000177255  0.000898951  0.000659289   0.00190385   0.00715388   -0.0169221    -0.266889   0.00103009    0.0537396   0.00975464    -0.220119    0.0420991    -0.180798     0.043244      2.66641     -0.14676    -0.851609    -0.240726  -0.00302543   0.00188113   0.00160349   0.00181623    0.0114953   0.00160974   -0.0294965   0.00811131   0.00354356  -0.00121733   0.00152737   0.00430594   0.00189879    -0.217719  5.36971e-12  5.36971e-12  5.36971e-12   -0.0731319  6.91783e-05  5.00521e-13   6.2807e-13  1.01714e-11 -1.99704e-06 -1.93846e-12    -0.101908
  0.00165091   0.00173096 -0.000333523 -0.000124078   0.00163118   0.00174524   0.00473722   0.00305724    -0.655302   -0.0189519   0.00926865   0.00605051  0.000468096    0.0128763   -0.0855538     0.045698     -1.06934     -0.14676      3.21675     0.043601    -0.244153  0.000154897   0.00248477   0.00521589   0.00540651    0.0091206   0.00156112   -0.0403198   -0.0015349   -0.0156377    0.0221367   0.00356341  -0.00781139   0.00350828    -0.218841 -1.20864e-11 -1.20864e-11 -1.20864e-11   -0.0264024  7.59318e-05 -3.11856e-13 -3.91328e-13 -6.33743e-12  3.68965e-06  6.33315e-12    -0.102433
-0.000734783 -0.000797781 -5.20058e-05  0.000195689    -0.000726 -0.000804363   -0.0013676   0.00222663  -0.00847679    -0.333516   0.00853352   0.00282338   0.00340699   -0.0802766   0.00963409    -0.217193   -0.0106752    -0.851609     0.043601      3.54171     0.086762  -0.00271769  -0.00173399  -0.00365209  -0.00142479   -0.0153587  -0.00204163     0.147697   0.00829139      0.11858   -0.0033178   -0.0035521 -0.000286466   0.00219706    0.0784892   5.1444e-12   5.1444e-12   5.1444e-12  0.000260955  0.000127404  3.41841e-13  4.28953e-13  6.94677e-12  4.40028e-06  2.17754e-13    0.0367387
  0.00303979   0.00302136 -5.74553e-05 -1.32992e-05   0.00300345   0.00304629   0.00608732   0.00682303   0.00466938   -0.0414068   -0.0269699   -0.0170548  -0.00442072    0.0394834    0.0425558    0.0553896     0.086717    -0.240726    -0.244153     0.086762      3.87558  0.000308231   0.00623243   0.00827931   0.00616075    0.0152517   0.00626065   -0.0834687   0.00438161   0.00811691   0.00683186   0.00620576   0.00499731   0.00576083    -0.389945  1.39738e-12  1.39738e-12  1.39738e-12   -0.0751265 -4.52207e-05  2.38515e-14  2.99296e-14  4.84701e-13  4.75313e-07 -1.78951e-12    -0.182523
-2.61039e-06  -2.8342e-06 -1.84756e-07  6.95205e-07 -2.57919e-06 -2.85758e-06 -4.85853e-06  7.91035e-06 -3.01147e-05  -0.00118485  3.03162e-05  1.00303e-05  1.21037e-05 -0.000285191  3.42261e-05   -0.0007716 -3.79247e-05  -0.00302543  0.000154897  -0.00271769  0.000308231      4.30668 -6.16019e-06 -1.29744e-05  -5.0617e-06 -5.45635e-05  -7.2531e-06  0.000524709   2.9456e-05  0.000421266 -1.17868e-05 -1.26192e-05  -1.0177e-06  7.80528e-06  0.000278841   1.8276e-14   1.8276e-14   1.8276e-14  9.27089e-07  4.52617e-07  1.21442e-15   1.5239e-15  2.46791e-14  1.56324e-08  7.73592e-16  0.000130518
 1.73022e-05  1.80718e-05 -3.31363e-06  4.57674e-06  1.70953e-05  1.82209e-05  4.71575e-05   4.0233e-05  -0.00332999   0.00090679  -0.00104176 -0.000498156  -0.00172224 -0.000213338  0.000475291  0.000625515   0.00308906   0.00188113   0.00248477  -0.00173399   0.00623243 -6.16019e-06  0.000247914  4.36745e-05 -8.28801e-05  -0.00012445  0.000167941  0.000401913  -0.00103392   0.00113787 -1.85861e-05  2.65366e-05  0.000150204  4.04682e-05   0.00563953 -2.85514e-13 -2.85514e-13 -2.85514e-13   0.00192117 -1.62068e-06  2.85472e-15   3.5822e-15  5.80127e-14  -5.8913e-07  2.58031e-14   0.00263971
 3.37621e-05   3.3692e-05 -3.54649e-06 -8.49714e-06  3.33586e-05  3.39699e-05    6.829e-05 -0.000224061  0.000983571    0.0114672  0.000389618  -0.00122714  9.78448e-07   0.00673049 -0.000787518  -0.00486894  -0.00106978   0.00160349   0.00521589  -0.00365209   0.00827931 -1.29744e-05  4.36745e-05   0.00143912  6.28437e-05  -0.00297739  5.60115e-05  -0.00419245   0.00033996   0.00782828  3.68197e-05  3.61604e-05  8.47828e-05  0.000144638   0.00748766  3.50185e-14  3.50185e-14  3.50185e-14   0.00178711  5.58349e-06  -5.6293e-16 -7.06384e-16 -1.14397e-14   1.0896e-06  2.24042e-13   0.00350477
 2.27857e-05  2.19205e-05  5.18927e-07   2.5328e-06  2.25133e-05  2.21014e-05  4.78629e-05  4.18498e-05 -0.000423788   0.00114737 -0.000948138 -0.000376696 -0.000682371 -0.000151289 -0.000232576  0.000280713   -0.0010527   0.00181623   0.00540651  -0.00142479   0.00616075  -5.0617e-06 -8.28801e-05  6.28437e-05  0.000205884 -0.000146797 -0.000128176  0.000396658   0.00116448   0.00133459  0.000246289  3.28517e-05 -0.000185622  5.77029e-05   0.00556846 -1.10895e-14 -1.10895e-14 -1.10895e-14  0.000582056 -8.85873e-07 -4.68337e-15 -5.87686e-15 -9.51739e-14 -3.51743e-07 -9.72919e-15   0.00260645
-7.17735e-05 -7.59345e-05  9.87034e-07 -4.25977e-05 -7.09156e-05 -7.65609e-05 -0.000146344 -0.000300723  -0.00167176    0.0282181   0.00250344   0.00279961   0.00170549   -0.0125953  -0.00268042   0.00289266  -0.00296361    0.0114953    0.0091206   -0.0153587    0.0152517 -5.45635e-05  -0.00012445  -0.00297739 -0.000146797    0.0301889 -0.000153079    -0.108883 -0.000199823   -0.0409074 -9.97559e-05  0.000267836 -0.000153733 -0.000664656    0.0137944  1.55716e-12  1.55716e-12  1.55716e-12   0.00116987  3.11627e-06 -6.49609e-14 -8.15151e-14 -1.32011e-12 -1.32652e-06 -1.16786e-12   0.00645677
 1.65647e-05  1.64164e-05 -4.35778e-06  4.07494e-06  1.63667e-05  1.65518e-05  2.75064e-05  3.81638e-05 -0.000896985   0.00048335   0.00276191 -0.000407411  0.000994187  -9.8907e-05  -0.00179469  0.000749115 -6.35498e-05   0.00160974   0.00156112  -0.00204163   0.00626065  -7.2531e-06  0.000167941  5.60115e-05 -0.000128176 -0.000153079  0.000251502  0.000463975  -0.00163216  0.000773341 -0.000173571  2.75564e-05  0.000289434  3.03211e-05   0.00566703  2.91152e-14  2.91152e-14  2.91152e-14  0.000785804 -1.88827e-06  1.75345e-16  2.20029e-16   3.5633e-15  2.65541e-07   6.2217e-14   0.00265258
   0.0002299  0.000232039 -2.09814e-05  0.000236501  0.000227152  0.000233953  0.000409988   0.00560348    0.0114912    -0.380239 -0.000337402  0.000532144    0.0068884   -0.0240387  -0.00353013     0.106912   0.00814285   -0.0294965   -0.0403198     0.147697   -0.0834687  0.000524709  0.000401913  -0.00419245  0.000396658    -0.108883  0.000463975      0.94878 -0.000499111    -0.342461   0.00165905  0.000712507  -0.00058296 -0.000230909   -0.0755133 -1.82259e-11 -1.82259e-11 -1.82259e-11   -0.0131191  1.96131e-05  1.03538e-13  1.29922e-13  2.10405e-12  -1.0821e-06   1.4353e-12   -0.0353457
 3.77118e-05  3.09222e-05 -6.38662e-05 -3.52379e-05   3.7261e-05  3.11774e-05  0.000109895 -0.000226089   -0.0173019   0.00869985   -0.0113792   0.00463463    0.0129414  7.09011e-05    0.0132848  -0.00822932   -0.0151072   0.00811131   -0.0015349   0.00829139   0.00438161   2.9456e-05  -0.00103392   0.00033996   0.00116448 -0.000199823  -0.00163216 -0.000499111    0.0268939   0.00197927    -0.007727  1.79378e-05   0.00504717  0.000265236   0.00397167 -3.70407e-12 -3.70407e-12 -3.70407e-12    0.0097678  3.11418e-05   -3.199e-14 -4.01421e-14 -6.50089e-13  1.84401e-06 -2.31111e-13   0.00185903
 0.000457913  0.000464935  4.66311e-05  0.000345915   0.00045244  0.000468771   0.00102912  -0.00145729   -0.0286901      0.14508   -0.0180494    0.0350421   -0.0229241    -0.057545    0.0284597    -0.060341    0.0204322   0.00354356   -0.0156377      0.11858   0.00811691  0.000421266   0.00113787   0.00782828   0.00133459   -0.0409074  0.000773341    -0.342461   0.00197927     0.996536  0.000261292  -0.00601861   0.00113939    0.0114109   0.00738438  7.85095e-12  7.85095e-12  7.85095e-12    0.0302977 -9.50661e-05  2.77728e-13  3.48502e-13  5.64389e-12 -8.28699e-06 -4.12903e-12   0.00345643
 2.48883e-05  3.75697e-05  4.62089e-05 -1.12419e-05  2.45909e-05  3.78797e-05  8.68703e-05  5.40673e-05    0.0109973   0.00126472  -0.00296961 -9.39943e-05   -0.0184842 -0.000856543   -0.0071942   0.00170834    0.0187522  -0.00121733    0.0221367   -0.0033178   0.00683186 -1.17868e-05 -1.85861e-05  3.68197e-05  0.000246289 -9.97559e-05 -0.000173571   0.00165905    -0.007727  0.000261292    0.0116927  6.77873e-05    -0.011109  0.000108025   0.00614114  2.86883e-12  2.86883e-12  2.86883e-12   -0.0101019  2.43908e-06  3.01768e-14  3.78669e-14  6.13243e-13 -2.32561e-06  2.39245e-13    0.0028745
 1.48091e-05  1.48382e-05  -3.1627e-07 -4.65797e-06   1.4632e-05  1.49606e-05   2.9756e-05  2.43888e-05 -9.59171e-05     0.001097  0.000235706 -0.000683734 -4.37951e-05  0.000694149 -0.000538326  0.000469173 -0.000882535   0.00152737   0.00356341   -0.0035521   0.00620576 -1.26192e-05  2.65366e-05  3.61604e-05  3.28517e-05  0.000267836  2.75564e-05  0.000712507  1.79378e-05  -0.00601861  6.77873e-05  8.67075e-05 -2.02758e-06 -6.08004e-05    0.0056131 -3.21641e-14 -3.21641e-14 -3.21641e-14  0.000585397  2.01813e-07  -1.6231e-15 -2.03672e-15 -3.29841e-14  7.90844e-08  3.48457e-14   0.00262734
 1.51206e-05  1.69221e-06 -1.86498e-05  1.47491e-05  1.49399e-05  1.70617e-06 -1.80339e-06  1.23725e-05  -0.00679807  0.000115113  0.000117325 -0.000363559    0.0132135  0.000325874   0.00745756  0.000153927   -0.0230153   0.00430594  -0.00781139 -0.000286466   0.00499731  -1.0177e-06  0.000150204  8.47828e-05 -0.000185622 -0.000153733  0.000289434  -0.00058296   0.00504717   0.00113939    -0.011109 -2.02758e-06    0.0117197 -1.63601e-05    0.0045425 -1.30513e-12 -1.30513e-12 -1.30513e-12    0.0100177 -3.40782e-06 -3.40658e-14 -4.27469e-14 -6.92273e-13  2.03178e-06 -4.87856e-13   0.00212622
 2.51067e-05   2.4646e-05  -3.1426e-06  4.99516e-07  2.48066e-05  2.48494e-05  5.17857e-05 -8.14009e-06 -0.000185846   0.00170385  0.000330582   0.00140116  0.000133995  -0.00158325 -0.000541938 -0.000321788 -0.000301032   0.00189879   0.00350828   0.00219706   0.00576083  7.80528e-06  4.04682e-05  0.000144638  5.77029e-05 -0.000664656  3.03211e-05 -0.000230909  0.000265236    0.0114109  0.000108025 -6.08004e-05 -1.63601e-05  0.000261704   0.00521024 -8.31232e-14 -8.31232e-14 -8.31232e-14   0.00034705  3.66759e-06  3.07267e-15  3.85569e-15  6.24417e-14  5.63962e-08 -4.84483e-14   0.00243877
  0.00274968   0.00273283 -5.13368e-05 -1.17845e-05   0.00271681   0.00275537   0.00550336   0.00617323   0.00560591   -0.0374625   -0.0244463   -0.0154593  -0.00400485    0.0357332    0.0387228    0.0500706    0.0807868    -0.217719    -0.218841    0.0784892    -0.389945  0.000278841   0.00563953   0.00748766   0.00556846    0.0137944   0.00566703   -0.0755133   0.00397167   0.00738438   0.00614114    0.0056131    0.0045425   0.00521024      3.95398  1.29101e-12  1.29101e-12  1.29101e-12    -0.067987 -4.11161e-05  2.22576e-14  2.79296e-14  4.52312e-13  4.22741e-07 -1.63408e-12    -0.165097
-2.25197e-14 -1.29873e-14 -4.24456e-14 -1.42898e-14 -2.22505e-14 -1.30945e-14 -1.54353e-15 -2.43421e-13 -1.27704e-11  8.13597e-12  9.16563e-12  7.83067e-12  8.78867e-12 -3.62493e-12  1.64487e-12 -9.78743e-12 -7.65626e-12  5.36971e-12 -1.20864e-11   5.1444e-12  1.39738e-12   1.8276e-14 -2.85514e-13  3.50185e-14 -1.10895e-14  1.55716e-12  2.91152e-14 -1.82259e-11 -3.70407e-12  7.85095e-12  2.86883e-12 -3.21641e-14 -1.30513e-12 -8.31232e-14  1.29101e-12      4.30669 -1.14356e-20 -1.14356e-20  1.33778e-11  3.02766e-15 -2.00779e-22 -2.51944e-22 -4.08016e-21 -2.22152e-15  6.53618e-22  6.04288e-13
-2.25197e-14 -1.29873e-14 -4.24456e-14 -1.42898e-14 -2.22505e-14 -1.30945e-14 -1.54353e-15 -2.43421e-13 -1.27704e-11  8.13597e-12  9.16563e-12  7.83067e-12  8.78867e-12 -3.62493e-12  1.64487e-12 -9.78743e-12 -7.65626e-12  5.36971e-12 -1.20864e-11   5.1444e-12  1.39738e-12   1.8276e-14 -2.85514e-13  3.50185e-14 -1.10895e-14  1.55716e-12  2.91152e-14 -1.82259e-11 -3.70407e-12  7.85095e-12  2.86883e-12 -3.21641e-14 -1.30513e-12 -8.31232e-14  1.29101e-12 -1.14356e-20      4.30669 -1.14356e-20  1.33778e-11  3.02766e-15 -2.00779e-22 -2.51944e-22 -4.08016e-21 -2.22152e-15  6.53618e-22  6.04288e-13
-2.25197e-14 -1.29873e-14 -4.24456e-14 -1.42898e-14 -2.22505e-14 -1.30945e-14 -1.54353e-15 -2.43421e-13 -1.27704e-11  8.13597e-12  9.16563e-12  7.83067e-12  8.78867e-12 -3.62493e-12  1.64487e-12 -9.78743e-12 -7.65626e-12  5.36971e-12 -1.20864e-11   5.1444e-12  1.39738e-12   1.8276e-14 -2.85514e-13  3.50185e-14 -1.10895e-14  1.55716e-12  2.91152e-14 -1.82259e-11 -3.70407e-12  7.85095e-12  2.86883e-12 -3.21641e-14 -1.30513e-12 -8.31232e-14  1.29101e-12 -1.14356e-20 -1.14356e-20      4.30669  1.33778e-11  3.02766e-15 -2.00779e-22 -2.51944e-22 -4.08016e-21 -2.22152e-15  6.53618e-22  6.04288e-13
 0.000701252  0.000693157  0.000786213  0.000909612   0.00069287  0.000698875   0.00114263   0.00191927     0.114424   -0.0037661  -0.00268834  -0.00738555   -0.0172734   0.00516431   0.00854327     0.029255     -0.04192   -0.0731319   -0.0264024  0.000260955   -0.0751265  9.27089e-07   0.00192117   0.00178711  0.000582056   0.00116987  0.000785804   -0.0131191    0.0097678    0.0302977   -0.0101019  0.000585397    0.0100177   0.00034705    -0.067987  1.33778e-11  1.33778e-11  1.33778e-11      1.54626   8.0563e-05  5.60138e-14   7.0288e-14  1.13829e-12  3.22217e-06 -1.07989e-12   -0.0318228
 8.16395e-08  1.44022e-07 -4.56243e-07 -1.09143e-06  8.06637e-08   1.4521e-07 -4.07062e-08 -7.15473e-06  0.000111727  0.000108335  7.44768e-05  0.000138262   9.5857e-05 -2.73842e-05 -9.88744e-05 -6.17504e-05 -1.47834e-06  6.91783e-05  7.59318e-05  0.000127404 -4.52207e-05  4.52617e-07 -1.62068e-06  5.58349e-06 -8.85873e-07  3.11627e-06 -1.88827e-06  1.96131e-05  3.11418e-05 -9.50661e-05  2.43908e-06  2.01813e-07 -3.40782e-06  3.66759e-06 -4.11161e-05  3.02766e-15  3.02766e-15  3.02766e-15   8.0563e-05   8.4435e-07  4.45549e-16   5.5909e-16  9.05429e-15   3.8432e-08 -7.10835e-15 -1.92453e-05
-1.17365e-16  5.34022e-17  4.93055e-16 -3.87901e-16 -1.15962e-16  5.38427e-17  2.01869e-15  -3.3797e-15 -5.32822e-13 -4.99523e-14  2.68214e-13  2.74523e-13  3.05326e-13  -1.6926e-14 -4.89135e-14 -5.16287e-13  -9.3617e-14  5.00521e-13 -3.11856e-13  3.41841e-13  2.38515e-14  1.21442e-15  2.85472e-15  -5.6293e-16 -4.68337e-15 -6.49609e-14  1.75345e-16  1.03538e-13   -3.199e-14  2.77728e-13  3.01768e-14  -1.6231e-15 -3.40658e-14  3.07267e-15  2.22576e-14 -2.00779e-22 -2.00779e-22 -2.00779e-22  5.60138e-14  4.45549e-16       5.0625  -2.1056e-23 -3.40996e-22  3.07561e-17  7.98074e-23  1.04182e-14
-1.47274e-16  6.70109e-17  6.18703e-16 -4.86751e-16 -1.45513e-16  6.75636e-17  2.53313e-15 -4.24096e-15 -6.68603e-13 -6.26819e-14  3.36564e-13   3.4448e-13  3.83133e-13 -2.12394e-14 -6.13784e-14 -6.47854e-13 -1.17474e-13   6.2807e-13 -3.91328e-13  4.28953e-13  2.99296e-14   1.5239e-15   3.5822e-15 -7.06384e-16 -5.87686e-15 -8.15151e-14  2.20029e-16  1.29922e-13 -4.01421e-14  3.48502e-13  3.78669e-14 -2.03672e-15 -4.27469e-14  3.85569e-15  2.79296e-14 -2.51944e-22 -2.51944e-22 -2.51944e-22   7.0288e-14   5.5909e-16  -2.1056e-23      5.61349 -4.27894e-22  3.85939e-17  1.00145e-22  1.30731e-14
-2.38506e-15  1.08522e-15  1.00197e-14 -7.88278e-15 -2.35655e-15  1.09417e-15  4.10232e-14  -6.8681e-14 -1.08278e-11 -1.01511e-12  5.45055e-12  5.57875e-12  6.20472e-12 -3.43965e-13 -9.94004e-13 -1.04918e-11 -1.90245e-12  1.01714e-11 -6.33743e-12  6.94677e-12  4.84701e-13  2.46791e-14  5.80127e-14 -1.14397e-14 -9.51739e-14 -1.32011e-12   3.5633e-15  2.10405e-12 -6.50089e-13  5.64389e-12  6.13243e-13 -3.29841e-14 -6.92273e-13  6.24417e-14  4.52312e-13 -4.08016e-21 -4.08016e-21 -4.08016e-21  1.13829e-12  9.05429e-15 -3.40996e-22 -4.27894e-22      4.36991  6.25016e-16  1.62182e-21  2.11715e-13
-3.88285e-09   3.6811e-09 -1.46799e-08 -5.84475e-08 -3.83643e-09  3.71147e-09 -2.40572e-08 -3.85158e-07  4.59536e-05 -2.87699e-07  -1.2898e-05  1.00493e-05 -1.24505e-05  7.19087e-06  6.26499e-06 -1.37722e-05  -1.4903e-05 -1.99704e-06  3.68965e-06  4.40028e-06  4.75313e-07  1.56324e-08  -5.8913e-07   1.0896e-06 -3.51743e-07 -1.32652e-06  2.65541e-07  -1.0821e-06  1.84401e-06 -8.28699e-06 -2.32561e-06  7.90844e-08  2.03178e-06  5.63962e-08  4.22741e-07 -2.22152e-15 -2.22152e-15 -2.22152e-15  3.22217e-06   3.8432e-08  3.07561e-17  3.85939e-17  6.25016e-16  3.61918e-08 -3.31616e-16  1.97874e-07
 6.22138e-15  2.91426e-15 -1.14957e-14  1.29656e-14  6.14702e-15  2.93829e-15 -3.53214e-14 -2.35768e-15  2.59179e-11 -3.62012e-13 -1.42811e-12   4.1576e-13 -1.88834e-12  4.77549e-12 -1.45467e-11 -8.01275e-12  4.32587e-13 -1.93846e-12  6.33315e-12  2.17754e-13 -1.78951e-12  7.73592e-16  2.58031e-14  2.24042e-13 -9.72919e-15 -1.16786e-12   6.2217e-14   1.4353e-12 -2.31111e-13 -4.12903e-12  2.39245e-13  3.48457e-14 -4.87856e-13 -4.84483e-14 -1.63408e-12  6.53618e-22  6.53618e-22  6.53618e-22 -1.07989e-12 -7.10835e-15  7.98074e-23  1.00145e-22  1.62182e-21 -3.31616e-16            4 -7.64866e-13
  0.00128705   0.00127916 -2.40294e-05 -5.51599e-06   0.00127167   0.00128971   0.00257597   0.00288952   0.00262397   -0.0175352   -0.0114426  -0.00723608  -0.00187456    0.0167258    0.0181251    0.0234367    0.0378141    -0.101908    -0.102433    0.0367387    -0.182523  0.000130518   0.00263971   0.00350477   0.00260645   0.00645677   0.00265258   -0.0353457   0.00185903   0.00345643    0.0028745   0.00262734   0.00212622   0.00243877    -0.165097  6.04288e-13  6.04288e-13  6.04288e-13   -0.0318228 -1.92453e-05  1.04182e-14  1.30731e-14  2.11715e-13  1.97874e-07 -7.64866e-13      3.92272
* row and column names
ddgd
ddgw
ddsd
ddsw
rcgd
rcgw
rcr1d
rcr1w
rcr2d
rcr2w
rcr3d
rcr3w
rcr4d
rcr4w
rcr5d
rcr5w
rcr6d
rcr6w
rcr7d
rcr7w
rcr8d
rcr8w
rcs1d
rcs1w
rcs2d
rcs2w
rcs3d
rcs3w
rcs4d
rcs4w
rcs5d
rcs5w
rcs6d
rcs6w
rcs7d
rcs7w
rcs8d
rcs8w
tcrit
tl
tlr
tls
x
xw
y
yw
