    46    46     1
     2.15884  7.59853e-08  3.96891e-07   2.0127e-07     -2.15884  7.66812e-08  7.81003e-08  2.76929e-07  6.25698e-05 -6.26357e-05 -2.00537e-05  2.42205e-05 -4.86211e-05   -4.252e-05  2.22631e-05  0.000109216 -0.000255133 -0.000137534 -9.85126e-05 -0.000105205 -2.28388e-07 -3.73816e-07 -2.80214e-07  -1.4598e-06 -6.31289e-07  2.98808e-05  4.32554e-07  3.20674e-05 -1.87843e-06 -2.56296e-05 -5.81708e-06  1.32234e-07  4.82613e-05  -6.6781e-07            0            0            0            0  4.51312e-05 -9.05917e-08  3.56737e-16  3.95563e-16   5.0564e-15  5.00873e-15  4.62838e-15  3.86642e-15
 7.59853e-08      2.15884  1.48396e-07  3.26949e-07  7.66812e-08     -2.15884  8.35315e-08 -2.49362e-07  1.45158e-05   3.0958e-05 -2.33547e-05  4.00551e-05 -2.27253e-05 -3.10705e-05 -3.55711e-05 -5.10852e-05  2.14631e-05 -0.000228596  4.34642e-05 -9.37107e-05  1.00766e-07 -3.32974e-07  2.71206e-07   -8.681e-07 -1.21836e-07 -3.62438e-05   5.2286e-07  1.37692e-05 -1.24344e-05  4.57795e-05  9.63377e-06 -2.54184e-07 -4.92253e-05 -5.56512e-07            0            0            0            0  5.97848e-05 -9.10446e-08 -3.84762e-16 -4.26639e-16 -5.45363e-15 -5.40222e-15 -4.99199e-15 -4.17017e-15
 3.96891e-07  1.48396e-07  1.57684e-05   1.3696e-06  3.94873e-07  1.47641e-07 -1.15673e-06  1.47585e-06  0.000595509 -6.93653e-05 -2.48597e-05  2.04537e-05  0.000119748 -7.61954e-05  0.000127598  0.000146511 -0.000819985 -0.000136276 -0.000285736 -0.000114264  -6.6244e-07 -4.06004e-07 -1.25831e-05 -3.14101e-06 -1.88068e-05  8.69192e-05 -1.66469e-05  2.56652e-05 -6.09072e-05  8.78846e-06  0.000222754 -6.69746e-07 -0.000837884 -2.12228e-06            0            0            0            0   0.00115718 -2.15563e-07 -1.09328e-14 -1.21227e-14 -1.54962e-13 -1.53501e-13 -1.41845e-13 -1.18493e-13
  2.0127e-07  3.26949e-07   1.3696e-06  5.51254e-06  2.00246e-07  3.25286e-07  6.98929e-07  3.19279e-06 -0.000124495 -0.000151114 -9.98418e-05  0.000102915 -0.000128259 -0.000218622  6.01418e-05  1.73566e-05  7.69872e-05  0.000251222  0.000129023   0.00032185  2.99123e-07   1.1436e-06  1.73636e-06 -5.37183e-06 -2.43693e-06 -0.000105866  6.27075e-06  0.000321455 -0.000125741  0.000353402  5.32071e-05 -9.08644e-06 -0.000227833  3.70093e-06            0            0            0            0   0.00126292 -5.03823e-07  8.15891e-16   9.0469e-16  1.15645e-14  1.14554e-14  1.05855e-14  8.84288e-15
    -2.15884  7.66812e-08  3.94873e-07  2.00246e-07      2.15884  7.52089e-08  7.77032e-08   2.7552e-07  6.22515e-05 -6.23171e-05 -1.99517e-05  2.40973e-05 -4.83738e-05 -4.23038e-05  2.21499e-05   0.00010866 -0.000253835 -0.000136835 -9.80115e-05  -0.00010467 -2.27226e-07 -3.71915e-07 -2.78789e-07 -1.45238e-06 -6.28078e-07  2.97288e-05  4.30354e-07  3.19043e-05 -1.86887e-06 -2.54993e-05  -5.7875e-06  1.31561e-07  4.80159e-05 -6.64414e-07            0            0            0            0  4.49017e-05  -9.0131e-08  3.54923e-16  3.93551e-16  5.03068e-15  4.98326e-15  4.60485e-15  3.84676e-15
 7.66812e-08     -2.15884  1.47641e-07  3.25286e-07  7.52089e-08      2.15884  8.31066e-08 -2.48096e-07   1.4442e-05  3.08005e-05 -2.32359e-05  3.98517e-05 -2.26097e-05 -3.09127e-05 -3.53902e-05 -5.08254e-05   2.1354e-05 -0.000227433  4.32432e-05 -9.32342e-05  1.00253e-07 -3.31281e-07  2.69827e-07 -8.63685e-07 -1.21217e-07 -3.60595e-05  5.20201e-07  1.36992e-05 -1.23712e-05  4.55468e-05  9.58478e-06 -2.52892e-07  -4.8975e-05  -5.5368e-07            0            0            0            0  5.94808e-05 -9.05816e-08 -3.82805e-16 -4.24469e-16  -5.4259e-15 -5.37475e-15  -4.9666e-15 -4.14896e-15
 7.81003e-08  8.35315e-08 -1.15673e-06  6.98929e-07  7.77032e-08  8.31066e-08  1.34673e-05   3.1198e-06  -0.00275209  9.43924e-05  -0.00198062  -7.3416e-05  -0.00224099  3.94242e-05   0.00218179 -0.000112346  0.000975597 -1.40322e-05   0.00118283  1.87707e-05  2.74223e-06  6.66965e-08  6.43601e-06 -7.03978e-07  4.04202e-06  -1.4987e-05  1.58028e-06 -3.31211e-05  -6.7272e-05  0.000133827   2.4839e-05 -3.30002e-07 -8.15788e-05 -6.69438e-07            0            0            0            0  9.03759e-05 -5.20984e-07  2.78218e-15  3.08499e-15  3.94348e-14   3.9063e-14  3.60967e-14  3.01542e-14
 2.76929e-07 -2.49362e-07  1.47585e-06  3.19279e-06   2.7552e-07 -2.48096e-07   3.1198e-06    0.0004708 -0.000392885   -0.0162982  -0.00064377  -0.00532237 -0.000633112  -0.00297156  0.000174005   0.00801447   0.00097163   0.00428721  0.000356442   0.00271572  8.26361e-07  9.64954e-06  2.55062e-06 -0.000329028  3.31416e-06   0.00232466  4.69933e-06   0.00243339 -0.000167389  -0.00427028  0.000176246  2.38151e-05  -0.00108036 -4.87354e-05            0            0            0            0  0.000928438  -1.5525e-06  2.78557e-15  3.08874e-15  3.94828e-14  3.91105e-14  3.61406e-14  3.01909e-14
 6.25698e-05  1.45158e-05  0.000595509 -0.000124495  6.22515e-05   1.4442e-05  -0.00275209 -0.000392885      2.06426   -0.0295208    -0.535966    0.0154149    -0.358196     -0.01509   -0.0619463    0.0405413    -0.274388   -0.0448443    -0.485719   -0.0337847  -0.00112607 -0.000120044  0.000797379 -0.000183369  -0.00276761   0.00165513   0.00118846    0.0128955   -0.0332342   -0.0271046    0.0128008  7.37439e-05   -0.0122734  8.65213e-05            0            0            0            0   -0.0022916  9.71246e-05 -1.34044e-13 -1.48633e-13 -1.89994e-12 -1.88203e-12 -1.73912e-12 -1.45281e-12
-6.26357e-05   3.0958e-05 -6.93653e-05 -0.000151114 -6.23171e-05  3.08005e-05  9.43924e-05   -0.0162982   -0.0295208      1.54593    -0.013885    -0.326801   -0.0178421     0.104986    0.0306401    0.0343601    0.0500214    -0.254908   -0.0149547    -0.330208 -3.46705e-05   -0.0011733 -7.75299e-05    0.0107327  0.000408283     0.133389 -0.000456223    -0.268134   0.00546232    0.0753662   0.00110753  0.000340852   -0.0193203  -0.00036856            0            0            0            0  -0.00597988 -9.42242e-07 -8.13435e-13 -9.01967e-13 -1.15297e-11  -1.1421e-11 -1.05537e-11 -8.81626e-12
-2.00537e-05 -2.33547e-05 -2.48597e-05 -9.98418e-05 -1.99517e-05 -2.32359e-05  -0.00198062  -0.00064377    -0.535966    -0.013885      2.88184    0.0140199     -1.19337   -0.0069852    -0.603799    0.0172042    -0.200271    0.0201091   -0.0627806   0.00670371 -0.000145548  2.38197e-05  -0.00210789  0.000206343  0.000101531   0.00667861 -0.000640498   0.00361135    0.0279726   -0.0236165  -0.00599569  5.07199e-05   -0.0147219  7.63999e-05            0            0            0            0   -0.0133688  8.41501e-05 -4.54802e-13 -5.04302e-13 -6.44639e-12 -6.38561e-12 -5.90071e-12 -4.92929e-12
 2.42205e-05  4.00551e-05  2.04537e-05  0.000102915  2.40973e-05  3.98517e-05  -7.3416e-05  -0.00532237    0.0154149    -0.326801    0.0140199     0.723254    0.0147939    -0.499889    -0.012705    -0.223812    -0.035035    0.0857137   0.00116602    0.0148201  2.70326e-06   5.2659e-05  2.45144e-05  0.000363071 -0.000241553   -0.0497807  0.000224401    0.0369464  -0.00184521     0.132663   -0.0021075  -0.00142184    0.0194423   0.00239841            0            0            0            0  -0.00299999  1.33292e-05  1.71653e-13  1.90335e-13  2.43302e-12  2.41008e-12  2.22707e-12  1.86043e-12
-4.86211e-05 -2.27253e-05  0.000119748 -0.000128259 -4.83738e-05 -2.26097e-05  -0.00224099 -0.000633112    -0.358196   -0.0178421     -1.19337    0.0147939      3.08273  -0.00649112    -0.637902    0.0208498    -0.108596      0.01127   -0.0679004  0.000265426 -0.000157417  9.43125e-07  -0.00210175  0.000121983  0.000332054   0.00633949  -0.00164028   0.00618871    0.0478924   -0.0276226   -0.0216164  9.66144e-05    0.0747603  6.95511e-05            0            0            0            0   -0.0383898  8.47761e-05 -6.32505e-13 -7.01345e-13 -8.96514e-12 -8.88062e-12 -8.20626e-12 -6.85528e-12
  -4.252e-05 -3.10705e-05 -7.61954e-05 -0.000218622 -4.23038e-05 -3.09127e-05  3.94242e-05  -0.00297156     -0.01509     0.104986   -0.0069852    -0.499889  -0.00649112     0.937426    0.0181166    -0.348225    0.0275775    -0.236232    -0.013198   -0.0686655 -3.05977e-05 -0.000243983 -9.92691e-05    0.0094202   0.00030561    -0.313919 -0.000460125    0.0323463   0.00705868   -0.0335268  -0.00105573   0.00116205   -0.0038917  -0.00188902            0            0            0            0   -0.0225191  1.66841e-05 -5.26306e-13 -5.83587e-13 -7.45987e-12 -7.38954e-12 -6.82841e-12 -5.70426e-12
 2.22631e-05 -3.55711e-05  0.000127598  6.01418e-05  2.21499e-05 -3.53902e-05   0.00218179  0.000174005   -0.0619463    0.0306401    -0.603799    -0.012705    -0.637902    0.0181166      0.90275   -0.0510255    -0.297132    0.0669856    -0.162795    0.0486416 -0.000377418  0.000172834  0.000535089  0.000338112  0.000548057  -0.00695698  -0.00046087   -0.0120671   -0.0187682     0.022889    0.0135762 -9.15594e-05    -0.034826  6.92489e-05            0            0            0            0   0.00420139 -5.04344e-05  1.31819e-12  1.46165e-12   1.8684e-11  1.85079e-11  1.71024e-11  1.42869e-11
 0.000109216 -5.10852e-05  0.000146511  1.73566e-05   0.00010866 -5.08254e-05 -0.000112346   0.00801447    0.0405413    0.0343601    0.0172042    -0.223812    0.0208498    -0.348225   -0.0510255     0.711429   -0.0684854    -0.118864    0.0342836    -0.120217  7.94817e-05 -0.000427156  0.000229436  -0.00904074 -0.000722142     0.327251   0.00103665  -0.00917077   -0.0147597    -0.144042    0.0011697   0.00056162    0.0163673 -0.000656311            0            0            0            0    0.0287094 -2.80082e-05  9.14672e-13  1.01422e-12  1.29646e-11  1.28424e-11  1.18672e-11   9.9135e-12
-0.000255133  2.14631e-05 -0.000819985  7.69872e-05 -0.000253835   2.1354e-05  0.000975597   0.00097163    -0.274388    0.0500214    -0.200271    -0.035035    -0.108596    0.0275775    -0.297132   -0.0684854      1.67635   0.00470242      -1.0548    0.0227682   -0.0024454  8.09003e-05    0.0023793  0.000436786  0.000617637   -0.0277981   0.00183471   -0.0222819  -0.00582359     0.055639  -0.00733253 -0.000196058   -0.0159087  0.000249167            0            0            0            0    0.0207214 -8.72963e-05 -9.35237e-13 -1.03703e-12 -1.32561e-11 -1.31311e-11  -1.2134e-11 -1.01364e-11
-0.000137534 -0.000228596 -0.000136276  0.000251222 -0.000136835 -0.000227433 -1.40322e-05   0.00428721   -0.0448443    -0.254908    0.0201091    0.0857137      0.01127    -0.236232    0.0669856    -0.118864   0.00470242       2.4524   -0.0502419     -1.11381 -0.000116479  -0.00395761  -0.00022398  -0.00552514  0.000104478     0.251294 -0.000262069   -0.0402162    0.0064476   -0.0523616  -0.00720572 -0.000356982    0.0346139 -0.000200116            0            0            0            0   -0.0163308  8.00351e-05  5.20534e-13  5.77187e-13  7.37806e-12  7.30851e-12  6.75352e-12  5.64171e-12
-9.85126e-05  4.34642e-05 -0.000285736  0.000129023 -9.80115e-05  4.32432e-05   0.00118283  0.000356442    -0.485719   -0.0149547   -0.0627806   0.00116602   -0.0679004    -0.013198    -0.162795    0.0342836      -1.0548   -0.0502419      3.49031    -0.036722  -0.00189267 -0.000130481 -0.000350478 -0.000604381  0.000637488    0.0146503   0.00132036    0.0062965   -0.0266372  -0.00458083   0.00692842  6.00714e-05     -0.02009  -0.00038884            0            0            0            0    0.0385616 -6.37253e-05 -1.63604e-12 -1.81411e-12 -2.31893e-11 -2.29707e-11 -2.12264e-11  -1.7732e-11
-0.000105205 -9.37107e-05 -0.000114264   0.00032185  -0.00010467 -9.32342e-05  1.87707e-05   0.00271572   -0.0337847    -0.330208   0.00670371    0.0148201  0.000265426   -0.0686655    0.0486416    -0.120217    0.0227682     -1.11381    -0.036722      3.38992 -8.51348e-05   -0.0032575  -0.00020492  -0.00357687  0.000280073    0.0880163 -0.000504303    0.0604119   0.00880953    0.0671033  -0.00461538  -0.00180273    0.0157715   0.00257107            0            0            0            0   -0.0137592  5.46977e-05 -2.80707e-13 -3.11258e-13 -3.97875e-12 -3.94124e-12 -3.64195e-12 -3.04239e-12
-2.28388e-07  1.00766e-07  -6.6244e-07  2.99123e-07 -2.27226e-07  1.00253e-07  2.74223e-06  8.26361e-07  -0.00112607 -3.46705e-05 -0.000145548  2.70326e-06 -0.000157417 -3.05977e-05 -0.000377418  7.94817e-05   -0.0024454 -0.000116479  -0.00189267 -8.51348e-05      4.30669 -3.02502e-07 -8.12536e-07 -1.40117e-06  1.47793e-06  3.39646e-05  3.06106e-06  1.45975e-05 -6.17547e-05   -1.062e-05  1.60626e-05  1.39267e-07 -4.65759e-05  -9.0147e-07            0            0            0            0  8.93998e-05 -1.47738e-07 -3.79294e-15 -4.20575e-15 -5.37613e-14 -5.32544e-14 -4.92104e-14 -4.11091e-14
-3.73816e-07 -3.32974e-07 -4.06004e-07   1.1436e-06 -3.71915e-07 -3.31281e-07  6.66965e-08  9.64954e-06 -0.000120044   -0.0011733  2.38197e-05   5.2659e-05  9.43125e-07 -0.000243983  0.000172834 -0.000427156  8.09003e-05  -0.00395761 -0.000130481   -0.0032575 -3.02502e-07      4.30668 -7.28126e-07 -1.27094e-05  9.95158e-07  0.000312741 -1.79189e-06  0.000214656  3.13021e-05  0.000238432 -1.63994e-05 -6.40548e-06  5.60394e-05  9.13556e-06            0            0            0            0 -4.88892e-05  1.94353e-07 -9.97412e-16 -1.10597e-15 -1.41374e-14 -1.40041e-14 -1.29406e-14 -1.08103e-14
-2.80214e-07  2.71206e-07 -1.25831e-05  1.73636e-06 -2.78789e-07  2.69827e-07  6.43601e-06  2.55062e-06  0.000797379 -7.75299e-05  -0.00210789  2.45144e-05  -0.00210175 -9.92691e-05  0.000535089  0.000229436    0.0023793  -0.00022398 -0.000350478  -0.00020492 -8.12536e-07 -7.28126e-07  0.000195114  -4.8527e-06 -8.44898e-05  0.000198113  0.000110676  2.66138e-05 -0.000953835  1.88616e-06 -9.08624e-05  5.57751e-07   0.00104225 -4.54883e-06            0            0            0            0  0.000156282 -1.02004e-06 -2.65689e-14 -2.94606e-14 -3.76589e-13 -3.73038e-13 -3.44711e-13 -2.87962e-13
 -1.4598e-06   -8.681e-07 -3.14101e-06 -5.37183e-06 -1.45238e-06 -8.63685e-07 -7.03978e-07 -0.000329028 -0.000183369    0.0107327  0.000206343  0.000363071  0.000121983    0.0094202  0.000338112  -0.00904074  0.000436786  -0.00552514 -0.000604381  -0.00357687 -1.40117e-06 -1.27094e-05  -4.8527e-06   0.00109467  9.16653e-06   -0.0183455 -1.99507e-05  0.000627397  0.000361455   0.00617058 -0.000141428 -2.77901e-05  0.000495441  5.61499e-05            0            0            0            0  -0.00107119  1.36753e-06  2.20669e-14  2.44686e-14  3.12777e-13  3.09828e-13  2.86301e-13  2.39168e-13
-6.31289e-07 -1.21836e-07 -1.88068e-05 -2.43693e-06 -6.28078e-07 -1.21217e-07  4.04202e-06  3.31416e-06  -0.00276761  0.000408283  0.000101531 -0.000241553  0.000332054   0.00030561  0.000548057 -0.000722142  0.000617637  0.000104478  0.000637488  0.000280073  1.47793e-06  9.95158e-07 -8.44898e-05  9.16653e-06  0.000165254  -0.00046265 -0.000148883 -0.000157767   0.00129579  0.000391201  4.44173e-05  -1.1017e-06  -0.00131912  8.09472e-06            0            0            0            0  -0.00155391  3.46859e-07  1.90753e-14  2.11514e-14  2.70374e-13  2.67825e-13  2.47487e-13  2.06744e-13
 2.98808e-05 -3.62438e-05  8.69192e-05 -0.000105866  2.97288e-05 -3.60595e-05  -1.4987e-05   0.00232466   0.00165513     0.133389   0.00667861   -0.0497807   0.00633949    -0.313919  -0.00695698     0.327251   -0.0277981     0.251294    0.0146503    0.0880163  3.39646e-05  0.000312741  0.000198113   -0.0183455  -0.00046265      1.29988  0.000878862    -0.845768   -0.0137768    -0.101473   0.00233453   0.00135034  0.000611333  -0.00140425            0            0            0            0    0.0299928 -2.96878e-05 -1.11844e-12 -1.24017e-12 -1.58528e-11 -1.57034e-11 -1.45109e-11  -1.2122e-11
 4.32554e-07   5.2286e-07 -1.66469e-05  6.27075e-06  4.30354e-07  5.20201e-07  1.58028e-06  4.69933e-06   0.00118846 -0.000456223 -0.000640498  0.000224401  -0.00164028 -0.000460125  -0.00046087   0.00103665   0.00183471 -0.000262069   0.00132036 -0.000504303  3.06106e-06 -1.79189e-06  0.000110676 -1.99507e-05 -0.000148883  0.000878862  0.000296001  0.000218773   -0.0029436 -0.000303426 -0.000147891  3.21754e-06   0.00223382 -1.89132e-05            0            0            0            0  0.000557673 -3.43415e-06 -1.10024e-14 -1.21998e-14 -1.55948e-13 -1.54478e-13 -1.42747e-13 -1.19247e-13
 3.20674e-05  1.37692e-05  2.56652e-05  0.000321455  3.19043e-05  1.36992e-05 -3.31211e-05   0.00243339    0.0128955    -0.268134   0.00361135    0.0369464   0.00618871    0.0323463   -0.0120671  -0.00917077   -0.0222819   -0.0402162    0.0062965    0.0604119  1.45975e-05  0.000214656  2.66138e-05  0.000627397 -0.000157767    -0.845768  0.000218773      1.20714  -0.00313149    -0.456744    0.0005234  0.000533108   0.00227868  -0.00124991            0            0            0            0   -0.0081065 -4.27392e-06  4.41983e-13  4.90087e-13  6.26468e-12  6.20562e-12  5.73439e-12  4.79035e-12
-1.87843e-06 -1.24344e-05 -6.09072e-05 -0.000125741 -1.86887e-06 -1.23712e-05  -6.7272e-05 -0.000167389   -0.0332342   0.00546232    0.0279726  -0.00184521    0.0478924   0.00705868   -0.0187682   -0.0147597  -0.00582359    0.0064476   -0.0266372   0.00880953 -6.17547e-05  3.13021e-05 -0.000953835  0.000361455   0.00129579   -0.0137768   -0.0029436  -0.00313149    0.0551823   0.00153087   -0.0170897 -3.77464e-05    0.0333977    0.0003307            0            0            0            0   -0.0219012  6.74945e-05  3.18912e-13  3.53621e-13  4.52027e-12  4.47765e-12  4.13763e-12  3.45647e-12
-2.56296e-05  4.57795e-05  8.78846e-06  0.000353402 -2.54993e-05  4.55468e-05  0.000133827  -0.00427028   -0.0271046    0.0753662   -0.0236165     0.132663   -0.0276226   -0.0335268     0.022889    -0.144042     0.055639   -0.0523616  -0.00458083    0.0671033   -1.062e-05  0.000238432  1.88616e-06   0.00617058  0.000391201    -0.101473 -0.000303426    -0.456744   0.00153087     0.958488   0.00415207  -0.00660808   -0.0345618   0.00996174            0            0            0            0    0.0482468 -3.97292e-05   1.8555e-12  2.05745e-12     2.63e-11   2.6052e-11  2.40737e-11  2.01105e-11
-5.81708e-06  9.63377e-06  0.000222754  5.32071e-05  -5.7875e-06  9.58478e-06   2.4839e-05  0.000176246    0.0128008   0.00110753  -0.00599569   -0.0021075   -0.0216164  -0.00105573    0.0135762    0.0011697  -0.00733253  -0.00720572   0.00692842  -0.00461538  1.60626e-05 -1.63994e-05 -9.08624e-05 -0.000141428  4.44173e-05   0.00233453 -0.000147891    0.0005234   -0.0170897   0.00415207    0.0171048   5.1989e-06   -0.0625203 -0.000111016            0            0            0            0   0.00542229 -3.67152e-05 -1.42534e-13 -1.58048e-13 -2.02029e-12 -2.00124e-12 -1.84927e-12 -1.54483e-12
 1.32234e-07 -2.54184e-07 -6.69746e-07 -9.08644e-06  1.31561e-07 -2.52892e-07 -3.30002e-07  2.38151e-05  7.37439e-05  0.000340852  5.07199e-05  -0.00142184  9.66144e-05   0.00116205 -9.15594e-05   0.00056162 -0.000196058 -0.000356982  6.00714e-05  -0.00180273  1.39267e-07 -6.40548e-06  5.57751e-07 -2.77901e-05  -1.1017e-06   0.00135034  3.21754e-06  0.000533108 -3.77464e-05  -0.00660808   5.1989e-06  6.95635e-05  3.31907e-06   -0.0001027            0            0            0            0  -0.00120096 -3.86337e-08 -1.73932e-14 -1.92862e-14 -2.46532e-13 -2.44207e-13 -2.25663e-13 -1.88513e-13
 4.82613e-05 -4.92253e-05 -0.000837884 -0.000227833  4.80159e-05  -4.8975e-05 -8.15788e-05  -0.00108036   -0.0122734   -0.0193203   -0.0147219    0.0194423    0.0747603   -0.0038917    -0.034826    0.0163673   -0.0159087    0.0346139     -0.02009    0.0157715 -4.65759e-05  5.60394e-05   0.00104225  0.000495441  -0.00131912  0.000611333   0.00223382   0.00227868    0.0333977   -0.0345618   -0.0625203  3.31907e-06     0.295433  0.000389258            0            0            0            0   0.00612495  0.000193067  5.32721e-13  5.90701e-13   7.5508e-12  7.47962e-12  6.91164e-12  5.77379e-12
 -6.6781e-07 -5.56512e-07 -2.12228e-06  3.70093e-06 -6.64414e-07  -5.5368e-07 -6.69438e-07 -4.87354e-05  8.65213e-05  -0.00036856  7.63999e-05   0.00239841  6.95511e-05  -0.00188902  6.92489e-05 -0.000656311  0.000249167 -0.000200116  -0.00038884   0.00257107  -9.0147e-07  9.13556e-06 -4.54883e-06  5.61499e-05  8.09472e-06  -0.00140425 -1.89132e-05  -0.00124991    0.0003307   0.00996174 -0.000111016   -0.0001027  0.000389258  0.000184112            0            0            0            0  -0.00108522  1.01691e-06   1.5137e-14  1.67845e-14  2.14553e-13   2.1253e-13  1.96391e-13   1.6406e-13
           0            0            0            0            0            0            0            0            0            0            0            0            0            0            0            0            0            0            0            0            0            0            0            0            0            0            0            0            0            0            0            0            0            0      4.30669            0            0            0            0            0            0            0            0            0            0            0
           0            0            0            0            0            0            0            0            0            0            0            0            0            0            0            0            0            0            0            0            0            0            0            0            0            0            0            0            0            0            0            0            0            0            0      4.30669            0            0            0            0            0            0            0            0            0            0
           0            0            0            0            0            0            0            0            0            0            0            0            0            0            0            0            0            0            0            0            0            0            0            0            0            0            0            0            0            0            0            0            0            0            0            0      4.30669            0            0            0            0            0            0            0            0            0
           0            0            0            0            0            0            0            0            0            0            0            0            0            0            0            0            0            0            0            0            0            0            0            0            0            0            0            0            0            0            0            0            0            0            0            0            0      4.30669            0            0            0            0            0            0            0            0
 4.51312e-05  5.97848e-05   0.00115718   0.00126292  4.49017e-05  5.94808e-05  9.03759e-05  0.000928438   -0.0022916  -0.00597988   -0.0133688  -0.00299999   -0.0383898   -0.0225191   0.00420139    0.0287094    0.0207214   -0.0163308    0.0385616   -0.0137592  8.93998e-05 -4.88892e-05  0.000156282  -0.00107119  -0.00155391    0.0299928  0.000557673   -0.0081065   -0.0219012    0.0482468   0.00542229  -0.00120096   0.00612495  -0.00108522            0            0            0            0      1.49679  1.58534e-05  3.31705e-12  3.67807e-12   4.7016e-11  4.65727e-11  4.30362e-11  3.59512e-11
-9.05917e-08 -9.10446e-08 -2.15563e-07 -5.03823e-07  -9.0131e-08 -9.05816e-08 -5.20984e-07  -1.5525e-06  9.71246e-05 -9.42242e-07  8.41501e-05  1.33292e-05  8.47761e-05  1.66841e-05 -5.04344e-05 -2.80082e-05 -8.72963e-05  8.00351e-05 -6.37253e-05  5.46977e-05 -1.47738e-07  1.94353e-07 -1.02004e-06  1.36753e-06  3.46859e-07 -2.96878e-05 -3.43415e-06 -4.27392e-06  6.74945e-05 -3.97292e-05 -3.67152e-05 -3.86337e-08  0.000193067  1.01691e-06            0            0            0            0  1.58534e-05  3.63923e-07  5.70832e-17   6.3296e-17    8.091e-16  8.01472e-16  7.40611e-16  6.18686e-16
 3.56737e-16 -3.84762e-16 -1.09328e-14  8.15891e-16  3.54923e-16 -3.82805e-16  2.78218e-15  2.78557e-15 -1.34044e-13 -8.13435e-13 -4.54802e-13  1.71653e-13 -6.32505e-13 -5.26306e-13  1.31819e-12  9.14672e-13 -9.35237e-13  5.20534e-13 -1.63604e-12 -2.80707e-13 -3.79294e-15 -9.97412e-16 -2.65689e-14  2.20669e-14  1.90753e-14 -1.11844e-12 -1.10024e-14  4.41983e-13  3.18912e-13   1.8555e-12 -1.42534e-13 -1.73932e-14  5.32721e-13   1.5137e-14            0            0            0            0  3.31705e-12  5.70832e-17       5.0625 -2.35867e-22 -3.01504e-21 -2.98661e-21 -2.75982e-21 -2.30548e-21
 3.95563e-16 -4.26639e-16 -1.21227e-14   9.0469e-16  3.93551e-16 -4.24469e-16  3.08499e-15  3.08874e-15 -1.48633e-13 -9.01967e-13 -5.04302e-13  1.90335e-13 -7.01345e-13 -5.83587e-13  1.46165e-12  1.01422e-12 -1.03703e-12  5.77187e-13 -1.81411e-12 -3.11258e-13 -4.20575e-15 -1.10597e-15 -2.94606e-14  2.44686e-14  2.11514e-14 -1.24017e-12 -1.21998e-14  4.90087e-13  3.53621e-13  2.05745e-12 -1.58048e-13 -1.92862e-14  5.90701e-13  1.67845e-14            0            0            0            0  3.67807e-12   6.3296e-17 -2.35867e-22      5.61349 -3.34319e-21 -3.31167e-21 -3.06019e-21  -2.5564e-21
  5.0564e-15 -5.45363e-15 -1.54962e-13  1.15645e-14  5.03068e-15  -5.4259e-15  3.94348e-14  3.94828e-14 -1.89994e-12 -1.15297e-11 -6.44639e-12  2.43302e-12 -8.96514e-12 -7.45987e-12   1.8684e-11  1.29646e-11 -1.32561e-11  7.37806e-12 -2.31893e-11 -3.97875e-12 -5.37613e-14 -1.41374e-14 -3.76589e-13  3.12777e-13  2.70374e-13 -1.58528e-11 -1.55948e-13  6.26468e-12  4.52027e-12     2.63e-11 -2.02029e-12 -2.46532e-13   7.5508e-12  2.14553e-13            0            0            0            0   4.7016e-11    8.091e-16 -3.01504e-21 -3.34319e-21      4.36991 -4.23323e-20 -3.91178e-20 -3.26779e-20
 5.00873e-15 -5.40222e-15 -1.53501e-13  1.14554e-14  4.98326e-15 -5.37475e-15   3.9063e-14  3.91105e-14 -1.88203e-12  -1.1421e-11 -6.38561e-12  2.41008e-12 -8.88062e-12 -7.38954e-12  1.85079e-11  1.28424e-11 -1.31311e-11  7.30851e-12 -2.29707e-11 -3.94124e-12 -5.32544e-14 -1.40041e-14 -3.73038e-13  3.09828e-13  2.67825e-13 -1.57034e-11 -1.54478e-13  6.20562e-12  4.47765e-12   2.6052e-11 -2.00124e-12 -2.44207e-13  7.47962e-12   2.1253e-13            0            0            0            0  4.65727e-11  8.01472e-16 -2.98661e-21 -3.31167e-21 -4.23323e-20      4.32871  -3.8749e-20 -3.23698e-20
 4.62838e-15 -4.99199e-15 -1.41845e-13  1.05855e-14  4.60485e-15  -4.9666e-15  3.60967e-14  3.61406e-14 -1.73912e-12 -1.05537e-11 -5.90071e-12  2.22707e-12 -8.20626e-12 -6.82841e-12  1.71024e-11  1.18672e-11  -1.2134e-11  6.75352e-12 -2.12264e-11 -3.64195e-12 -4.92104e-14 -1.29406e-14 -3.44711e-13  2.86301e-13  2.47487e-13 -1.45109e-11 -1.42747e-13  5.73439e-12  4.13763e-12  2.40737e-11 -1.84927e-12 -2.25663e-13  6.91164e-12  1.96391e-13            0            0            0            0  4.30362e-11  7.40611e-16 -2.75982e-21 -3.06019e-21 -3.91178e-20  -3.8749e-20            4 -2.99118e-20
 3.86642e-15 -4.17017e-15 -1.18493e-13  8.84288e-15  3.84676e-15 -4.14896e-15  3.01542e-14  3.01909e-14 -1.45281e-12 -8.81626e-12 -4.92929e-12  1.86043e-12 -6.85528e-12 -5.70426e-12  1.42869e-11   9.9135e-12 -1.01364e-11  5.64171e-12  -1.7732e-11 -3.04239e-12 -4.11091e-14 -1.08103e-14 -2.87962e-13  2.39168e-13  2.06744e-13  -1.2122e-11 -1.19247e-13  4.79035e-12  3.45647e-12  2.01105e-11 -1.54483e-12 -1.88513e-13  5.77379e-12   1.6406e-13            0            0            0            0  3.59512e-11  6.18686e-16 -2.30548e-21  -2.5564e-21 -3.26779e-20 -3.23698e-20 -2.99118e-20            4
* row and column names
ddgd
ddgw
ddsd
ddsw
rcgd
rcgw
rcr1d
rcr1w
rcr2d
rcr2w
rcr3d
rcr3w
rcr4d
rcr4w
rcr5d
rcr5w
rcr6d
rcr6w
rcr7d
rcr7w
rcr8d
rcr8w
rcs1d
rcs1w
rcs2d
rcs2w
rcs3d
rcs3w
rcs4d
rcs4w
rcs5d
rcs5w
rcs6d
rcs6w
rcs7d
rcs7w
rcs8d
rcs8w
tcrit
tl
tlr
tls
x
xw
y
yw
