    46    46     1
     2.14385  4.24787e-06 -1.70157e-07   8.1979e-07     -2.15874  4.27813e-06  8.77395e-06  1.72842e-06 -8.85518e-05  0.000610277  0.000147104 -6.71589e-05 -9.07344e-05 -0.000155782  -0.00030845  9.14205e-05 -0.000625929   0.00134663   0.00207961 -0.000886295 -2.90118e-05 -3.14866e-06  6.27213e-06  1.94212e-05  1.19352e-05 -0.000101385  5.27593e-06  0.000403805  3.09946e-05  0.000430629  1.36001e-05  3.84261e-06  5.39222e-06  1.48693e-05  1.28841e-14 -1.48209e-14 -1.48209e-14 -1.48209e-14  0.000833781  1.69919e-07  -7.4002e-16 -9.28602e-16 -1.50384e-14  -1.2883e-08 -1.43431e-14 -2.08048e-05
 4.24787e-06      2.18766  1.99017e-08  8.27456e-07  4.19231e-06     -2.15871  8.78547e-06  4.59286e-07   -0.0001042  0.000701406  0.000136221 -2.77382e-05 -5.05116e-05 -0.000199615 -0.000302267  3.39362e-05 -0.000499301   0.00108897    0.0021572  -0.00094866 -2.76721e-05 -3.37021e-06  7.11679e-06  1.95677e-05  1.11837e-05 -0.000105974  5.14878e-06  0.000412298  2.45536e-05  0.000432025  2.64887e-05  3.97472e-06 -8.11324e-06  1.44422e-05  1.32848e-14 -1.12509e-14 -1.12509e-14 -1.12509e-14  0.000824667  2.33927e-07 -5.61765e-16 -7.04922e-16  -1.1416e-14 -7.46308e-09 -2.02829e-14  -2.4956e-05
-1.70157e-07  1.99017e-08  3.29795e-06  1.11253e-06 -1.68124e-07  2.00656e-08 -8.29979e-07   4.9439e-06  0.000613754 -7.39288e-05 -0.000184991 -8.89251e-05  -6.7386e-05  2.31582e-05  0.000301038  3.92126e-05 -0.000472729 -7.28888e-05 -0.000338893 -5.04818e-05 -3.37132e-06 -1.79343e-07 -3.01572e-06 -3.18073e-06   6.9947e-07  1.07353e-06 -4.11471e-06 -1.84435e-05  -6.4548e-05  4.27964e-05  4.67593e-05 -8.13218e-08 -1.85593e-05 -2.97003e-06  1.78587e-15  2.81808e-14  2.81808e-14  2.81808e-14   0.00078366 -4.56955e-07  1.40709e-15  1.76566e-15  2.85944e-14 -1.60753e-08 -2.20849e-14 -3.01658e-06
  8.1979e-07  8.27456e-07  1.11253e-06  4.71874e-06  8.09992e-07  8.34282e-07  1.63513e-06     1.29e-05 -8.73783e-05 -0.000350392 -7.04156e-05 -9.60834e-05 -0.000109794 -9.92173e-05  0.000107075  0.000107211 -2.11328e-05  0.000167798 -0.000122134  0.000208204 -1.26122e-06  7.39661e-07   4.5674e-06 -9.49128e-06   2.2562e-06 -3.63797e-05  4.56077e-06  0.000161785 -3.80086e-05  0.000398797 -1.31085e-05 -4.91127e-06  1.67195e-05  7.41611e-07 -3.15296e-14 -5.87201e-15 -5.87201e-15 -5.87201e-15  0.000911054 -1.11362e-06 -2.93194e-16  -3.6791e-16 -5.95819e-15 -3.93775e-08 -3.00252e-14  3.83942e-05
    -2.15874  4.19231e-06 -1.68124e-07  8.09992e-07      2.17375  4.23172e-06  8.66908e-06  1.70776e-06 -8.74936e-05  0.000602982  0.000145346 -6.63561e-05 -8.96506e-05  -0.00015392 -0.000304763  9.03273e-05 -0.000618448   0.00133054   0.00205476 -0.000875701  -2.8665e-05 -3.11102e-06  6.19717e-06  1.91891e-05  1.17926e-05 -0.000100174  5.21287e-06  0.000398979  3.06241e-05  0.000425482  1.34375e-05  3.79668e-06  5.32778e-06  1.46916e-05  1.27301e-14 -1.46437e-14 -1.46437e-14 -1.46437e-14  0.000823815  1.67888e-07 -7.31175e-16 -9.17503e-16 -1.48587e-14  -1.2729e-08 -1.41717e-14 -2.05561e-05
 4.27813e-06     -2.15871  2.00656e-08  8.34282e-07  4.23172e-06      2.13017  8.85795e-06  4.63075e-07  -0.00010506  0.000707193  0.000137345 -2.79667e-05 -5.09284e-05 -0.000201263 -0.000304761  3.42165e-05 -0.000503421   0.00109795     0.002175 -0.000956486 -2.79004e-05 -3.39802e-06  7.17551e-06  1.97291e-05   1.1276e-05 -0.000106848  5.19125e-06    0.0004157  2.47562e-05  0.000435589  2.67072e-05  4.00751e-06 -8.18018e-06  1.45613e-05  1.33944e-14 -1.13437e-14 -1.13437e-14 -1.13437e-14  0.000831471  2.35857e-07   -5.664e-16 -7.10738e-16 -1.15102e-14 -7.52465e-09 -2.04502e-14 -2.51619e-05
 8.77395e-06  8.78547e-06 -8.29979e-07  1.63513e-06  8.66908e-06  8.85795e-06  2.78545e-05  5.69962e-06  -0.00179373   0.00134405  -0.00137751 -0.000223776  -0.00212635  -0.00023929   0.00115822   3.6543e-05 -0.000513827   0.00278686   0.00559294  -0.00167825 -3.94429e-05 -5.96217e-06   2.5137e-05  4.06485e-05  2.62951e-05 -0.000210916  4.63823e-06   0.00081726  9.87316e-05  0.000932537  6.53405e-05  8.04274e-06 -2.23922e-05  3.11412e-05 -2.66839e-14  4.32737e-14  4.32737e-14  4.32737e-14   0.00140567  1.56685e-07  2.16069e-15  2.71131e-15  4.39088e-14 -5.23065e-08 -4.72083e-15 -7.47194e-05
 1.72842e-06  4.59286e-07   4.9439e-06     1.29e-05  1.70776e-06  4.63075e-07  5.69962e-06  0.000446277  -0.00100058   -0.0162527 -0.000510441  -0.00374001  -0.00110596  -0.00593148  0.000292306   0.00931731  -0.00120082   0.00826778   0.00398218   0.00180138 -7.57655e-05  6.39955e-06  1.63843e-05 -0.000238856  2.12838e-05 -0.000437445    7.086e-06   0.00678766 -0.000203455  -0.00207982  5.34211e-05  2.97917e-06 -3.48297e-05 -3.29959e-05 -8.34605e-14 -8.54398e-15 -8.54398e-15 -8.54398e-15   0.00220037 -6.67676e-06 -4.26608e-16 -5.35323e-16 -8.66939e-15 -6.33159e-07 -1.06779e-13 -0.000559557
-8.85518e-05   -0.0001042  0.000613754 -8.73783e-05 -8.74936e-05  -0.00010506  -0.00179373  -0.00100058      1.53816  -0.00558891    -0.535201    0.0213885    -0.380895  -0.00315961    0.0577545   0.00163397  -0.00715041   -0.0159682    -0.653394  -0.00890693   -0.0086565 -3.16425e-05  -0.00327412  0.000967157 -0.000491872  -0.00162868 -0.000835334    0.0117004   -0.0183796   -0.0296615    0.0110493 -0.000109577  -0.00675892 -0.000215897  1.46916e-11 -2.02036e-11 -2.02036e-11 -2.02036e-11     0.115448  0.000112067 -1.00878e-12 -1.26586e-12 -2.05002e-11  4.40126e-05   -8.017e-12  -0.00034898
 0.000610277  0.000701406 -7.39288e-05 -0.000350392  0.000602982  0.000707193   0.00134405   -0.0162527  -0.00558891      1.58405   -0.0111112    -0.316132    -0.010954     0.174124    0.0238927   -0.0723411    0.0305542    -0.260147   -0.0284839    -0.337166  0.000310381  -0.00119782   0.00113562    0.0126195   0.00156733      0.02311  0.000251703    -0.319719    0.0112755     0.105023   0.00318648   0.00147208  -0.00153287   0.00173035 -5.23166e-12  2.66678e-13  2.66678e-13  2.66678e-13  -0.00749967  0.000126158  1.33154e-14  1.67087e-14  2.70592e-13 -1.70904e-05  1.49652e-12   -0.0384839
 0.000147104  0.000136221 -0.000184991 -7.04156e-05  0.000145346  0.000137345  -0.00137751 -0.000510441    -0.535201   -0.0111112      2.77447    0.0236021     -1.25463   -0.0130131    -0.531083    0.0184883    -0.216332  -0.00484313   0.00510126    0.0116114  0.000582396   4.1251e-05  -0.00101459  0.000255625 -0.000835543   0.00392661   0.00285638   -0.0151708    -0.011089  -0.00771966  -0.00316641   0.00027406  0.000422381  0.000462362  -3.4652e-13  3.38671e-12  3.38671e-12  3.38671e-12  -0.00370168  6.87888e-05  1.69101e-13  2.12194e-13  3.43642e-12 -1.00048e-05 -6.49585e-12    0.0075969
-6.71589e-05 -2.77382e-05 -8.89251e-05 -9.60834e-05 -6.63561e-05 -2.79667e-05 -0.000223776  -0.00374001    0.0213885    -0.316132    0.0236021     0.627219     0.031119    -0.418259   -0.0302827     -0.21094  -0.00324508    0.0389916   0.00772767     0.011903   0.00052737  4.22859e-05 -0.000521867  -0.00236626 -0.000640779   0.00925723  0.000124099   -0.0727745   0.00161809    0.0834601  -0.00212756 -0.000894036   0.00182277   0.00160716  4.43062e-12 -3.98074e-12 -3.98074e-12 -3.98074e-12  -0.00603452  0.000115111 -1.98762e-13 -2.49413e-13 -4.03917e-12  2.97904e-05  5.77586e-12    0.0441324
-9.07344e-05 -5.05116e-05  -6.7386e-05 -0.000109794 -8.96506e-05 -5.09284e-05  -0.00212635  -0.00110596    -0.380895    -0.010954     -1.25463     0.031119      3.06265   -0.0165576    -0.609297    0.0130038   -0.0947394   0.00622839  0.000487825   0.00568261  0.000109876  2.01882e-05  -0.00175512 -0.000295163 -0.000680767   0.00323446   0.00104727   -0.0102499    0.0127251   -0.0104777   -0.0187989 -9.98391e-05    0.0135206  0.000195122  -8.5332e-13  5.39736e-12  5.39736e-12  5.39736e-12   -0.0171517  8.96482e-05  2.69495e-13  3.38171e-13  5.47658e-12 -8.74207e-06 -6.70558e-12   0.00958072
-0.000155782 -0.000199615  2.31582e-05 -9.92173e-05  -0.00015392 -0.000201263  -0.00023929  -0.00593148  -0.00315961     0.174124   -0.0130131    -0.418259   -0.0165576     0.949237    0.0174247    -0.470265  -0.00469591    -0.213556    0.0169519   -0.0870052 -0.000531032 -0.000309096 -0.000331794   0.00689815 -0.000199921   -0.0147401 -0.000391292   0.00109349  0.000787806   -0.0756753 -0.000364712  0.000648222 -0.000457189  -0.00180703 -2.85603e-12  6.30996e-12  6.30996e-12  6.30996e-12   0.00566687 -1.96458e-05  3.15062e-13   3.9535e-13  6.40258e-12  9.10674e-07 -5.23102e-12   -0.0127457
 -0.00030845 -0.000302267  0.000301038  0.000107075 -0.000304763 -0.000304761   0.00115822  0.000292306    0.0577545    0.0238927    -0.531083   -0.0302827    -0.609297    0.0174247     0.716821   -0.0363968    -0.175494     0.050514   -0.0788967   0.00502895  -0.00184202  1.78656e-05   0.00039479 -0.000674112 -0.000366311  -0.00459869  -0.00197515     0.016179    0.0130829    0.0153555  -0.00698439 -0.000616617   0.00704034 -0.000735786 -5.90472e-12  2.94631e-13  2.94631e-13  2.94631e-13    0.0100161 -9.19859e-05  1.47112e-14  1.84601e-14  2.98955e-13   2.5195e-06  1.70287e-11  -0.00956879
 9.14205e-05  3.39362e-05  3.92126e-05  0.000107211  9.03273e-05  3.42165e-05   3.6543e-05   0.00931731   0.00163397   -0.0723411    0.0184883     -0.21094    0.0130038    -0.470265   -0.0363968     0.927752    -0.026369    -0.167009    0.0521274    -0.221641 -0.000385409 -0.000787401  0.000441929   -0.0047579  0.000200767  0.000197796  0.000386174      0.13224   -0.0071138   -0.0725086   0.00217845  0.000337003 -0.000720976 -0.000500675  5.89026e-12 -5.30174e-12 -5.30174e-12 -5.30174e-12    0.0315792 -5.25796e-05 -2.64721e-13  -3.3218e-13 -5.37956e-12 -1.99037e-05 -4.96687e-12   -0.0145022
-0.000625929 -0.000499301 -0.000472729 -2.11328e-05 -0.000618448 -0.000503421 -0.000513827  -0.00120082  -0.00715041    0.0305542    -0.216332  -0.00324508   -0.0947394  -0.00469591    -0.175494    -0.026369      1.18988    0.0561481      -1.0583   -0.0149957   -0.0154926 -5.32741e-05   0.00270855  -0.00143052  -0.00133356  -0.00400447 -0.000458896    0.0148628   -0.0143224    0.0185051    0.0183754  -0.00119323   -0.0233638 -0.000597116  2.29605e-12   1.6204e-12   1.6204e-12   1.6204e-12   -0.0385461  2.18827e-06   8.0908e-14  1.01526e-13  1.64418e-12  -1.4838e-05 -1.03289e-11  -0.00102416
  0.00134663   0.00108897 -7.28888e-05  0.000167798   0.00133054   0.00109795   0.00278686   0.00826778   -0.0159682    -0.260147  -0.00484313    0.0389916   0.00622839    -0.213556     0.050514    -0.167009    0.0561481      2.63766    -0.180976    -0.838872   0.00205296  -0.00298018   0.00278939   0.00290831   0.00274069    0.0124239   0.00243818   -0.0279831   0.00910968  -0.00248352  7.00989e-05   0.00244735   0.00470927   0.00270234 -6.73134e-12  6.97481e-12  6.97481e-12  6.97481e-12   -0.0837514  6.57137e-05  3.48258e-13  4.37006e-13  7.07718e-12 -5.15989e-06  8.64275e-12  -0.00940608
  0.00207961    0.0021572 -0.000338893 -0.000122134   0.00205476     0.002175   0.00559294   0.00398218    -0.653394   -0.0284839   0.00510126   0.00772767  0.000487825    0.0169519   -0.0788967    0.0521274      -1.0583    -0.180976      3.18125    0.0565258   -0.0102399  0.000200815   0.00333702   0.00628264   0.00626972     0.011613   0.00244722   -0.0561682 -0.000698744   -0.0109943    0.0229937   0.00441997   -0.0070422   0.00434202  4.17079e-12 -5.42234e-13 -5.42234e-13 -5.42234e-13   -0.0368825  6.82918e-05 -2.70742e-14 -3.39736e-14 -5.50193e-13  4.88479e-06 -4.10832e-12   0.00051668
-0.000886295  -0.00094866 -5.04818e-05  0.000208204 -0.000875701 -0.000956486  -0.00167825   0.00180138  -0.00890693    -0.337166    0.0116114     0.011903   0.00568261   -0.0870052   0.00502895    -0.221641   -0.0149957    -0.838872    0.0565258       3.5393 -0.000844315  -0.00272624  -0.00204772  -0.00425466  -0.00177315   -0.0155283  -0.00227789     0.142936   0.00759929      0.12664  -0.00395499  -0.00391162 -0.000214114   0.00196274  -4.5896e-12  6.30969e-12  6.30969e-12  6.30969e-12    0.0043304  0.000126385  3.15048e-13  3.95333e-13   6.4023e-12  7.02939e-06  3.93133e-12   0.00699216
-2.90118e-05 -2.76721e-05 -3.37132e-06 -1.26122e-06  -2.8665e-05 -2.79004e-05 -3.94429e-05 -7.57655e-05   -0.0086565  0.000310381  0.000582396   0.00052737  0.000109876 -0.000531032  -0.00184202 -0.000385409   -0.0154926   0.00205296   -0.0102399 -0.000844315       4.3065 -2.99952e-06 -7.17789e-05 -7.19761e-05 -3.20673e-05 -0.000117644 -8.34007e-05  0.000672008 -9.23528e-05 -0.000214533  0.000172798 -5.72834e-05 -0.000182538 -4.94271e-05  3.46481e-14 -2.57339e-14 -2.57339e-14 -2.57339e-14  0.000909899  1.69926e-06 -1.28492e-15 -1.61236e-15 -2.61116e-14  7.53068e-08 -8.37823e-14  0.000123261
-3.14866e-06 -3.37021e-06 -1.79343e-07  7.39661e-07 -3.11102e-06 -3.39802e-06 -5.96217e-06  6.39955e-06 -3.16425e-05  -0.00119782   4.1251e-05  4.22859e-05  2.01882e-05 -0.000309096  1.78656e-05 -0.000787401 -5.32741e-05  -0.00298018  0.000200815  -0.00272624 -2.99952e-06      4.30668 -7.27474e-06  -1.5115e-05 -6.29932e-06 -5.51647e-05 -8.09246e-06  0.000507786  2.69973e-05  0.000449902 -1.40505e-05 -1.38964e-05 -7.60672e-07  6.97284e-06  -1.6305e-14  2.24157e-14  2.24157e-14  2.24157e-14  1.53843e-05  4.48996e-07  1.11924e-15  1.40446e-15  2.27447e-14  2.49728e-08  1.39664e-14  2.48403e-05
 6.27213e-06  7.11679e-06 -3.01572e-06   4.5674e-06  6.19717e-06  7.17551e-06   2.5137e-05  1.63843e-05  -0.00327412   0.00113562  -0.00101459 -0.000521867  -0.00175512 -0.000331794   0.00039479  0.000441929   0.00270855   0.00278939   0.00333702  -0.00204772 -7.17789e-05 -7.27474e-06  0.000222438   1.4757e-05 -0.000102937  -0.00019048  0.000141685  0.000802967  -0.00101252   0.00106996 -4.00256e-05  4.12302e-06  0.000124521  1.95731e-05 -7.65492e-14 -3.88507e-14 -3.88507e-14 -3.88507e-14    0.0021773 -1.44503e-06 -1.93985e-15 -2.43419e-15 -3.94209e-14 -6.00692e-07 -2.38464e-13 -5.87142e-05
 1.94212e-05  1.95677e-05 -3.18073e-06 -9.49128e-06  1.91891e-05  1.97291e-05  4.06485e-05 -0.000238856  0.000967157    0.0126195  0.000255625  -0.00236626 -0.000295163   0.00689815 -0.000674112   -0.0047579  -0.00143052   0.00290831   0.00628264  -0.00425466 -7.19761e-05  -1.5115e-05   1.4757e-05   0.00140098  3.90479e-05  -0.00316202   1.8154e-05  -0.00232386  0.000364327   0.00692468  3.91197e-05  1.06472e-05  2.51185e-05  0.000114166  8.02784e-14  1.92198e-14  1.92198e-14  1.92198e-14   0.00210094  6.12134e-06   9.5966e-16  1.20421e-15  1.95019e-14  7.56701e-07 -2.00755e-13 -0.000766756
 1.19352e-05  1.11837e-05   6.9947e-07   2.2562e-06  1.17926e-05   1.1276e-05  2.62951e-05  2.12838e-05 -0.000491872   0.00156733 -0.000835543 -0.000640779 -0.000680767 -0.000199921 -0.000366311  0.000200767  -0.00133356   0.00274069   0.00626972  -0.00177315 -3.20673e-05 -6.29932e-06 -0.000102937  3.90479e-05  0.000183239 -0.000235891 -0.000150386   0.00107599   0.00114104   0.00105078  0.000228084  1.19406e-05 -0.000207907  3.60947e-05 -8.57766e-14 -5.16448e-14 -5.16448e-14 -5.16448e-14  0.000838072 -6.03475e-07 -2.57867e-15 -3.23581e-15 -5.24029e-14 -4.11716e-07  5.03728e-14 -0.000214881
-0.000101385 -0.000105974  1.07353e-06 -3.63797e-05 -0.000100174 -0.000106848 -0.000210916 -0.000437445  -0.00162868      0.02311   0.00392661   0.00925723   0.00323446   -0.0147401  -0.00459869  0.000197796  -0.00400447    0.0124239     0.011613   -0.0155283 -0.000117644 -5.51647e-05  -0.00019048  -0.00316202 -0.000235891     0.030705 -0.000163757    -0.115704 -0.000522641   -0.0360724 -0.000373121   0.00018547  1.36096e-05 -0.000702445 -1.19419e-12 -1.05199e-12 -1.05199e-12 -1.05199e-12   0.00207326  1.32702e-06  -5.2527e-14 -6.59126e-14 -1.06743e-12  6.81076e-07  8.52338e-13   0.00432563
 5.27593e-06  5.14878e-06 -4.11471e-06  4.56077e-06  5.21287e-06  5.19125e-06  4.63823e-06    7.086e-06 -0.000835334  0.000251703   0.00285638  0.000124099   0.00104727 -0.000391292  -0.00197515  0.000386174 -0.000458896   0.00243818   0.00244722  -0.00227789 -8.34007e-05 -8.09246e-06  0.000141685   1.8154e-05 -0.000150386 -0.000163757  0.000228201  0.000235198  -0.00163436   0.00112052  -0.00020912  2.67293e-06   0.00027766  1.07153e-05  1.09637e-13 -2.52941e-13 -2.52941e-13 -2.52941e-13   0.00107846 -1.87455e-06 -1.26296e-14  -1.5848e-14 -2.56653e-13  3.67178e-07 -1.32121e-13  0.000266387
 0.000403805  0.000412298 -1.84435e-05  0.000161785  0.000398979    0.0004157   0.00081726   0.00678766    0.0117004    -0.319719   -0.0151708   -0.0727745   -0.0102499   0.00109349     0.016179      0.13224    0.0148628   -0.0279831   -0.0561682     0.142936  0.000672008  0.000507786  0.000802967  -0.00232386   0.00107599    -0.115704  0.000235198       1.0304   0.00320904    -0.400507   0.00440365   0.00134331  -0.00278652 -0.000143749   6.8436e-12 -3.29499e-12 -3.29499e-12 -3.29499e-12   -0.0197099  4.36578e-05 -1.64522e-13 -2.06448e-13 -3.34336e-12  -2.3645e-05 -2.42247e-13   -0.0487207
 3.09946e-05  2.45536e-05  -6.4548e-05 -3.80086e-05  3.06241e-05  2.47562e-05  9.87316e-05 -0.000203455   -0.0183796    0.0112755    -0.011089   0.00161809    0.0127251  0.000787806    0.0130829   -0.0071138   -0.0143224   0.00910968 -0.000698744   0.00759929 -9.23528e-05  2.69973e-05  -0.00101252  0.000364327   0.00114104 -0.000522641  -0.00163436   0.00320904     0.026625 -0.000499862  -0.00767753  1.60398e-05   0.00501945  0.000240858 -9.38788e-13  3.06014e-12  3.06014e-12  3.06014e-12   0.00989348  3.22456e-05  1.52796e-13  1.91733e-13  3.10506e-12  8.58034e-07  1.35941e-12  -0.00189803
 0.000430629  0.000432025  4.27964e-05  0.000398797  0.000425482  0.000435589  0.000932537  -0.00207982   -0.0296615     0.105023  -0.00771966    0.0834601   -0.0104777   -0.0756753    0.0153555   -0.0725086    0.0185051  -0.00248352   -0.0109943      0.12664 -0.000214533  0.000449902   0.00106996   0.00692468   0.00105078   -0.0360724   0.00112052    -0.400507 -0.000499862      1.03729  -0.00138142   -0.0062724   0.00278212    0.0115373 -5.74005e-13 -1.70349e-12 -1.70349e-12 -1.70349e-12    0.0328106 -0.000112625 -8.50567e-14 -1.06732e-13 -1.72849e-12  6.58271e-06  1.48897e-12    0.0326301
 1.36001e-05  2.64887e-05  4.67593e-05 -1.31085e-05  1.34375e-05  2.67072e-05  6.53405e-05  5.34211e-05    0.0110493   0.00318648  -0.00316641  -0.00212756   -0.0187989 -0.000364712  -0.00698439   0.00217845    0.0183754  7.00989e-05    0.0229937  -0.00395499  0.000172798 -1.40505e-05 -4.00256e-05  3.91197e-05  0.000228084 -0.000373121  -0.00020912   0.00440365  -0.00767753  -0.00138142    0.0117398  5.21213e-05    -0.011203  7.96052e-05   3.9756e-13  1.39994e-13  1.39994e-13  1.39994e-13  -0.00987672  3.29467e-06  6.99004e-15  8.77134e-15  1.42049e-13  -2.7764e-06 -1.03454e-12  -0.00127213
 3.84261e-06  3.97472e-06 -8.13218e-08 -4.91127e-06  3.79668e-06  4.00751e-06  8.04274e-06  2.97917e-06 -0.000109577   0.00147208   0.00027406 -0.000894036 -9.98391e-05  0.000648222 -0.000616617  0.000337003  -0.00119323   0.00244735   0.00441997  -0.00391162 -5.72834e-05 -1.38964e-05  4.12302e-06  1.06472e-05  1.19406e-05   0.00018547  2.67293e-06   0.00134331  1.60398e-05   -0.0062724  5.21213e-05  6.53933e-05 -2.96284e-05 -8.24954e-05  5.11388e-14  3.58009e-14  3.58009e-14  3.58009e-14  0.000845964  4.65034e-07  1.78757e-15   2.2431e-15  3.63264e-14 -8.19661e-09 -6.78843e-14  -0.00019424
 5.39222e-06 -8.11324e-06 -1.85593e-05  1.67195e-05  5.32778e-06 -8.18018e-06 -2.23922e-05 -3.48297e-05  -0.00675892  -0.00153287  0.000422381   0.00182277    0.0135206 -0.000457189   0.00704034 -0.000720976   -0.0233638   0.00470927   -0.0070422 -0.000214114 -0.000182538 -7.60672e-07  0.000124521  2.51185e-05 -0.000207907  1.36096e-05   0.00027766  -0.00278652   0.00501945   0.00278212    -0.011203 -2.96284e-05    0.0117735 -2.71558e-05  5.07981e-14 -2.18654e-13 -2.18654e-13 -2.18654e-13    0.0102943 -3.94966e-06 -1.09176e-14 -1.36997e-14 -2.21863e-13  2.50902e-06  9.46087e-13   0.00127096
 1.48693e-05  1.44422e-05 -2.97003e-06  7.41611e-07  1.46916e-05  1.45613e-05  3.11412e-05 -3.29959e-05 -0.000215897   0.00173035  0.000462362   0.00160716  0.000195122  -0.00180703 -0.000735786 -0.000500675 -0.000597116   0.00270234   0.00434202   0.00196274 -4.94271e-05  6.97284e-06  1.95731e-05  0.000114166  3.60947e-05 -0.000702445  1.07153e-05 -0.000143749  0.000240858    0.0115373  7.96052e-05 -8.24954e-05 -2.71558e-05  0.000243074 -2.05455e-14 -5.71955e-14 -5.71955e-14 -5.71955e-14  0.000608995  3.75959e-06 -2.85582e-15 -3.58358e-15  -5.8035e-14  9.66776e-08  8.49269e-14   9.8953e-05
 1.28841e-14  1.32848e-14  1.78587e-15 -3.15296e-14  1.27301e-14  1.33944e-14 -2.66839e-14 -8.34605e-14  1.46916e-11 -5.23166e-12  -3.4652e-13  4.43062e-12  -8.5332e-13 -2.85603e-12 -5.90472e-12  5.89026e-12  2.29605e-12 -6.73134e-12  4.17079e-12  -4.5896e-12  3.46481e-14  -1.6305e-14 -7.65492e-14  8.02784e-14 -8.57766e-14 -1.19419e-12  1.09637e-13   6.8436e-12 -9.38788e-13 -5.74005e-13   3.9756e-13  5.11388e-14  5.07981e-14 -2.05455e-14      4.30669 -4.23576e-22 -4.23576e-22 -4.23576e-22 -1.20281e-12  1.31203e-14 -2.11495e-23 -2.65391e-23 -4.29793e-22  6.64336e-16  3.20412e-22 -7.91199e-13
-1.48209e-14 -1.12509e-14  2.81808e-14 -5.87201e-15 -1.46437e-14 -1.13437e-14  4.32737e-14 -8.54398e-15 -2.02036e-11  2.66678e-13  3.38671e-12 -3.98074e-12  5.39736e-12  6.30996e-12  2.94631e-13 -5.30174e-12   1.6204e-12  6.97481e-12 -5.42234e-13  6.30969e-12 -2.57339e-14  2.24157e-14 -3.88507e-14  1.92198e-14 -5.16448e-14 -1.05199e-12 -2.52941e-13 -3.29499e-12  3.06014e-12 -1.70349e-12  1.39994e-13  3.58009e-14 -2.18654e-13 -5.71955e-14 -4.23576e-22      4.30669 -7.98657e-21 -7.98657e-21 -2.47672e-12   8.6091e-15 -3.98776e-22 -5.00398e-22  -8.1038e-21  7.34257e-17 -2.20947e-21 -3.29611e-13
-1.48209e-14 -1.12509e-14  2.81808e-14 -5.87201e-15 -1.46437e-14 -1.13437e-14  4.32737e-14 -8.54398e-15 -2.02036e-11  2.66678e-13  3.38671e-12 -3.98074e-12  5.39736e-12  6.30996e-12  2.94631e-13 -5.30174e-12   1.6204e-12  6.97481e-12 -5.42234e-13  6.30969e-12 -2.57339e-14  2.24157e-14 -3.88507e-14  1.92198e-14 -5.16448e-14 -1.05199e-12 -2.52941e-13 -3.29499e-12  3.06014e-12 -1.70349e-12  1.39994e-13  3.58009e-14 -2.18654e-13 -5.71955e-14 -4.23576e-22 -7.98657e-21      4.30669 -7.98657e-21 -2.47672e-12   8.6091e-15 -3.98776e-22 -5.00398e-22  -8.1038e-21  7.34257e-17 -2.20947e-21 -3.29611e-13
-1.48209e-14 -1.12509e-14  2.81808e-14 -5.87201e-15 -1.46437e-14 -1.13437e-14  4.32737e-14 -8.54398e-15 -2.02036e-11  2.66678e-13  3.38671e-12 -3.98074e-12  5.39736e-12  6.30996e-12  2.94631e-13 -5.30174e-12   1.6204e-12  6.97481e-12 -5.42234e-13  6.30969e-12 -2.57339e-14  2.24157e-14 -3.88507e-14  1.92198e-14 -5.16448e-14 -1.05199e-12 -2.52941e-13 -3.29499e-12  3.06014e-12 -1.70349e-12  1.39994e-13  3.58009e-14 -2.18654e-13 -5.71955e-14 -4.23576e-22 -7.98657e-21 -7.98657e-21      4.30669 -2.47672e-12   8.6091e-15 -3.98776e-22 -5.00398e-22  -8.1038e-21  7.34257e-17 -2.20947e-21 -3.29611e-13
 0.000833781  0.000824667   0.00078366  0.000911054  0.000823815  0.000831471   0.00140567   0.00220037     0.115448  -0.00749967  -0.00370168  -0.00603452   -0.0171517   0.00566687    0.0100161    0.0315792   -0.0385461   -0.0837514   -0.0368825    0.0043304  0.000909899  1.53843e-05    0.0021773   0.00210094  0.000838072   0.00207326   0.00107846   -0.0197099   0.00989348    0.0328106  -0.00987672  0.000845964    0.0102943  0.000608995 -1.20281e-12 -2.47672e-12 -2.47672e-12 -2.47672e-12      1.54329  7.79587e-05 -1.23665e-13 -1.55179e-13 -2.51307e-12  4.48598e-06  -2.5548e-12  0.000619759
 1.69919e-07  2.33927e-07 -4.56955e-07 -1.11362e-06  1.67888e-07  2.35857e-07  1.56685e-07 -6.67676e-06  0.000112067  0.000126158  6.87888e-05  0.000115111  8.96482e-05 -1.96458e-05 -9.19859e-05 -5.25796e-05  2.18827e-06  6.57137e-05  6.82918e-05  0.000126385  1.69926e-06  4.48996e-07 -1.44503e-06  6.12134e-06 -6.03475e-07  1.32702e-06 -1.87455e-06  4.36578e-05  3.22456e-05 -0.000112625  3.29467e-06  4.65034e-07 -3.94966e-06  3.75959e-06  1.31203e-14   8.6091e-15   8.6091e-15   8.6091e-15  7.79587e-05  8.50946e-07   4.2986e-16  5.39402e-16  8.73546e-15  3.14903e-08  1.36319e-14 -1.37371e-05
 -7.4002e-16 -5.61765e-16  1.40709e-15 -2.93194e-16 -7.31175e-16   -5.664e-16  2.16069e-15 -4.26608e-16 -1.00878e-12  1.33154e-14  1.69101e-13 -1.98762e-13  2.69495e-13  3.15062e-13  1.47112e-14 -2.64721e-13   8.0908e-14  3.48258e-13 -2.70742e-14  3.15048e-13 -1.28492e-15  1.11924e-15 -1.93985e-15   9.5966e-16 -2.57867e-15  -5.2527e-14 -1.26296e-14 -1.64522e-13  1.52796e-13 -8.50567e-14  6.99004e-15  1.78757e-15 -1.09176e-14 -2.85582e-15 -2.11495e-23 -3.98776e-22 -3.98776e-22 -3.98776e-22 -1.23665e-13   4.2986e-16       5.0625 -2.49853e-23 -4.04629e-22  3.66621e-18 -1.10321e-22 -1.64578e-14
-9.28602e-16 -7.04922e-16  1.76566e-15  -3.6791e-16 -9.17503e-16 -7.10738e-16  2.71131e-15 -5.35323e-16 -1.26586e-12  1.67087e-14  2.12194e-13 -2.49413e-13  3.38171e-13   3.9535e-13  1.84601e-14  -3.3218e-13  1.01526e-13  4.37006e-13 -3.39736e-14  3.95333e-13 -1.61236e-15  1.40446e-15 -2.43419e-15  1.20421e-15 -3.23581e-15 -6.59126e-14  -1.5848e-14 -2.06448e-13  1.91733e-13 -1.06732e-13  8.77134e-15   2.2431e-15 -1.36997e-14 -3.58358e-15 -2.65391e-23 -5.00398e-22 -5.00398e-22 -5.00398e-22 -1.55179e-13  5.39402e-16 -2.49853e-23      5.61349 -5.07743e-22  4.60048e-18 -1.38434e-22 -2.06518e-14
-1.50384e-14  -1.1416e-14  2.85944e-14 -5.95819e-15 -1.48587e-14 -1.15102e-14  4.39088e-14 -8.66939e-15 -2.05002e-11  2.70592e-13  3.43642e-12 -4.03917e-12  5.47658e-12  6.40258e-12  2.98955e-13 -5.37956e-12  1.64418e-12  7.07718e-12 -5.50193e-13   6.4023e-12 -2.61116e-14  2.27447e-14 -3.94209e-14  1.95019e-14 -5.24029e-14 -1.06743e-12 -2.56653e-13 -3.34336e-12  3.10506e-12 -1.72849e-12  1.42049e-13  3.63264e-14 -2.21863e-13  -5.8035e-14 -4.29793e-22  -8.1038e-21  -8.1038e-21  -8.1038e-21 -2.51307e-12  8.73546e-15 -4.04629e-22 -5.07743e-22      4.36991  7.45034e-17  -2.2419e-21 -3.34449e-13
 -1.2883e-08 -7.46308e-09 -1.60753e-08 -3.93775e-08  -1.2729e-08 -7.52465e-09 -5.23065e-08 -6.33159e-07  4.40126e-05 -1.70904e-05 -1.00048e-05  2.97904e-05 -8.74207e-06  9.10674e-07   2.5195e-06 -1.99037e-05  -1.4838e-05 -5.15989e-06  4.88479e-06  7.02939e-06  7.53068e-08  2.49728e-08 -6.00692e-07  7.56701e-07 -4.11716e-07  6.81076e-07  3.67178e-07  -2.3645e-05  8.58034e-07  6.58271e-06  -2.7764e-06 -8.19661e-09  2.50902e-06  9.66776e-08  6.64336e-16  7.34257e-17  7.34257e-17  7.34257e-17  4.48598e-06  3.14903e-08  3.66621e-18  4.60048e-18  7.45034e-17  3.97525e-08  4.05856e-16  1.14083e-05
-1.43431e-14 -2.02829e-14 -2.20849e-14 -3.00252e-14 -1.41717e-14 -2.04502e-14 -4.72083e-15 -1.06779e-13   -8.017e-12  1.49652e-12 -6.49585e-12  5.77586e-12 -6.70558e-12 -5.23102e-12  1.70287e-11 -4.96687e-12 -1.03289e-11  8.64275e-12 -4.10832e-12  3.93133e-12 -8.37823e-14  1.39664e-14 -2.38464e-13 -2.00755e-13  5.03728e-14  8.52338e-13 -1.32121e-13 -2.42247e-13  1.35941e-12  1.48897e-12 -1.03454e-12 -6.78843e-14  9.46087e-13  8.49269e-14  3.20412e-22 -2.20947e-21 -2.20947e-21 -2.20947e-21  -2.5548e-12  1.36319e-14 -1.10321e-22 -1.38434e-22  -2.2419e-21  4.05856e-16            4 -5.21669e-13
-2.08048e-05  -2.4956e-05 -3.01658e-06  3.83942e-05 -2.05561e-05 -2.51619e-05 -7.47194e-05 -0.000559557  -0.00034898   -0.0384839    0.0075969    0.0441324   0.00958072   -0.0127457  -0.00956879   -0.0145022  -0.00102416  -0.00940608   0.00051668   0.00699216  0.000123261  2.48403e-05 -5.87142e-05 -0.000766756 -0.000214881   0.00432563  0.000266387   -0.0487207  -0.00189803    0.0326301  -0.00127213  -0.00019424   0.00127096   9.8953e-05 -7.91199e-13 -3.29611e-13 -3.29611e-13 -3.29611e-13  0.000619759 -1.37371e-05 -1.64578e-14 -2.06518e-14 -3.34449e-13  1.14083e-05 -5.21669e-13     0.025713
* row and column names
ddgd
ddgw
ddsd
ddsw
rcgd
rcgw
rcr1d
rcr1w
rcr2d
rcr2w
rcr3d
rcr3w
rcr4d
rcr4w
rcr5d
rcr5w
rcr6d
rcr6w
rcr7d
rcr7w
rcr8d
rcr8w
rcs1d
rcs1w
rcs2d
rcs2w
rcs3d
rcs3w
rcs4d
rcs4w
rcs5d
rcs5w
rcs6d
rcs6w
rcs7d
rcs7w
rcs8d
rcs8w
tcrit
tl
tlr
tls
x
xw
y
yw
