    46    46     1
     2.15884  2.77067e-08  3.01435e-07  1.89031e-07     -2.15884  2.91893e-08  1.05526e-07  3.22615e-07  6.16361e-05 -2.12368e-05 -3.86133e-05  4.62951e-06 -6.94344e-05 -1.40595e-05   1.2064e-05  3.75414e-05 -0.000123612 -4.17424e-05 -5.25333e-05 -3.52934e-05 -1.21791e-07 -1.25405e-07 -1.38725e-06 -7.23778e-07  2.72762e-08  1.52866e-05  4.16012e-07  1.06211e-05 -8.74183e-06 -5.08411e-06 -3.09791e-06 -7.80938e-09  7.07767e-06 -4.12699e-07  1.00241e-14  1.00241e-14  1.00241e-14  1.00241e-14  0.000121573 -5.72114e-08            0            0            0            0            0            0
 2.77067e-08      2.15884  6.64772e-08  2.59338e-07  2.91893e-08     -2.15884  1.26308e-07 -4.29208e-07 -9.59467e-06  1.25676e-05 -2.97765e-05  5.01637e-05 -2.60032e-05 -4.33986e-05 -3.73116e-06 -2.22857e-05  2.53764e-05 -0.000275993  3.90012e-05 -0.000123379  9.04189e-08 -4.38393e-07 -1.23066e-08 -9.32669e-07 -2.78134e-07 -3.86721e-05   8.1349e-07  2.22629e-05 -1.08779e-05  3.60678e-05  2.81742e-06 -2.43084e-07 -2.28191e-06 -4.49486e-07  6.80231e-15  6.80231e-15  6.80231e-15  6.80231e-15  5.12574e-05 -4.36625e-08            0            0            0            0            0            0
 3.01435e-07  6.64772e-08  1.12444e-05  8.13117e-07  2.99902e-07  6.61392e-08  3.92691e-07  1.08775e-06   0.00011344 -4.50536e-05 -0.000217882  4.90302e-06 -7.38572e-05 -3.98039e-05  0.000113564  7.99213e-05 -0.000283106 -5.49326e-05  8.91026e-05 -5.13495e-05  2.06572e-07 -1.82456e-07 -5.72139e-06 -2.16155e-06 -1.63271e-05  4.07251e-05 -1.07198e-05   2.4578e-05 -1.85051e-05 -8.45148e-06  0.000103253 -4.13615e-07 -5.68419e-05 -1.30459e-06  1.67475e-13  1.67475e-13  1.67475e-13  1.67475e-13  0.000852182 -5.32451e-08            0            0            0            0            0            0
 1.89031e-07  2.59338e-07  8.13117e-07  5.09994e-06   1.8807e-07  2.58019e-07  9.99003e-07  1.97233e-06 -0.000216238 -0.000164305 -0.000148243  0.000120412 -0.000169373 -0.000218004  7.34968e-05  2.33078e-05  0.000151174  0.000305295  0.000187615  0.000351172   4.3496e-07  1.24779e-06  6.57443e-07 -4.71473e-06 -2.70759e-06 -0.000113064  5.72199e-06  0.000325147  -5.2548e-05  0.000311944 -9.64276e-06 -8.92465e-06  9.30402e-06  4.25731e-06  7.41394e-14  7.41394e-14  7.41394e-14  7.41394e-14   0.00110547 -2.94061e-07            0            0            0            0            0            0
    -2.15884  2.91893e-08  2.99902e-07   1.8807e-07      2.15884  2.74173e-08  1.04989e-07  3.20974e-07  6.13226e-05 -2.11288e-05 -3.84166e-05  4.60597e-06 -6.90814e-05  -1.3988e-05  1.20026e-05  3.73505e-05 -0.000122984 -4.15301e-05 -5.22662e-05 -3.51139e-05 -1.21172e-07 -1.24767e-07  -1.3802e-06 -7.20097e-07  2.71375e-08  1.52089e-05  4.13896e-07  1.05671e-05 -8.69737e-06 -5.05826e-06 -3.08215e-06 -7.76964e-09  7.04167e-06   -4.106e-07  9.97316e-15  9.97316e-15  9.97316e-15  9.97316e-15  0.000120955 -5.69205e-08            0            0            0            0            0            0
 2.91893e-08     -2.15884  6.61392e-08  2.58019e-07  2.74173e-08      2.15884  1.25665e-07 -4.27024e-07 -9.54588e-06  1.25037e-05 -2.96251e-05  4.99086e-05  -2.5871e-05 -4.31779e-05 -3.71217e-06 -2.21723e-05  2.52474e-05 -0.000274589  3.88029e-05 -0.000122752   8.9959e-08 -4.36163e-07  -1.2244e-08 -9.27925e-07 -2.76719e-07 -3.84754e-05  8.09353e-07  2.21497e-05 -1.08225e-05  3.58844e-05   2.8031e-06 -2.41848e-07  -2.2703e-06   -4.472e-07  6.76772e-15  6.76772e-15  6.76772e-15  6.76772e-15  5.09967e-05 -4.34404e-08            0            0            0            0            0            0
 1.05526e-07  1.26308e-07  3.92691e-07  9.99003e-07  1.04989e-07  1.25665e-07   1.1002e-05  3.25074e-06  -0.00154851  8.37485e-05  -0.00206253 -6.11937e-05  -0.00232023   1.1593e-05   0.00199928 -6.21031e-05  0.000574568 -5.44497e-05   0.00150909 -1.45356e-05  3.49862e-06 -5.16476e-08  5.73507e-06 -1.42364e-06  2.37858e-07  1.89266e-05  3.80847e-06  -2.4914e-05  -0.00011675  0.000136434  5.22243e-05 -2.85944e-07 -2.87057e-05 -1.36599e-06   1.0185e-13   1.0185e-13   1.0185e-13   1.0185e-13  0.000103446 -6.93064e-07            0            0            0            0            0            0
 3.22615e-07 -4.29208e-07  1.08775e-06  1.97233e-06  3.20974e-07 -4.27024e-07  3.25074e-06   0.00045309 -0.000363658   -0.0153729 -0.000768822  -0.00527032 -0.000647168  -0.00296552  0.000419522   0.00770973  0.000496783   0.00440863  0.000377301   0.00295906   8.7472e-07  1.05142e-05 -3.10908e-06 -0.000312376  -1.6499e-06   0.00221477  1.02316e-05   0.00223429 -0.000139252  -0.00401688  4.14053e-05  2.15983e-05 -3.93781e-05 -4.19656e-05   4.1173e-14   4.1173e-14   4.1173e-14   4.1173e-14  0.000866608 -8.21029e-07            0            0            0            0            0            0
 6.16361e-05 -9.59467e-06   0.00011344 -0.000216238  6.13226e-05 -9.54588e-06  -0.00154851 -0.000363658      1.32849    -0.017703    -0.413071   0.00741557    -0.295548  -0.00213333   -0.0322716    0.0146593    0.0799087   -0.0115602    -0.667892   -0.0101956  -0.00154841 -3.62274e-05  -0.00109105  4.21969e-05  0.000436328  -0.00763399  -0.00184245   0.00877547    0.0151543   -0.0249392    0.0010383   0.00010954  -0.00294167  0.000248205 -1.17353e-10 -1.17353e-10 -1.17353e-10 -1.17353e-10   -0.0645307  0.000112125            0            0            0            0            0            0
-2.12368e-05  1.25676e-05 -4.50536e-05 -0.000164305 -2.11288e-05  1.25037e-05  8.37485e-05   -0.0153729    -0.017703       1.5313   -0.0147346     -0.34492   -0.0168381     0.128881    0.0245906  -0.00476603    0.0185303    -0.216633  -0.00879428    -0.304861 -2.03883e-05  -0.00108324 -1.27022e-05    0.0105709  0.000179805     0.117022 -0.000130613    -0.271774   0.00267125    0.0826303  -0.00101277  0.000340034  0.000201213 -0.000329655    4.504e-12    4.504e-12    4.504e-12    4.504e-12  -0.00375121 -5.93843e-06            0            0            0            0            0            0
-3.86133e-05 -2.97765e-05 -0.000217882 -0.000148243 -3.84166e-05 -2.96251e-05  -0.00206253 -0.000768822    -0.413071   -0.0147346      2.81257    0.0144563     -1.21754  -0.00385769    -0.552428    0.0115435    -0.300761    0.0241103   -0.0379212    0.0106073 -8.79149e-05  3.76899e-05 -0.000887409  0.000400161 -0.000528935  0.000573317  0.000364662   0.00151785    0.0152592   -0.0255251  -0.00780689 -3.33783e-06   0.00330632  0.000242458  5.13756e-11  5.13756e-11  5.13756e-11  5.13756e-11    0.0323866  0.000143266            0            0            0            0            0            0
 4.62951e-06  5.01637e-05  4.90302e-06  0.000120412  4.60597e-06  4.99086e-05 -6.11937e-05  -0.00527032   0.00741557     -0.34492    0.0144563     0.729622    0.0131134    -0.508766   -0.0125112     -0.20299   -0.0123313    0.0686348 -0.000544972   0.00109069 -1.26345e-06  3.87547e-06  5.32243e-05  8.54858e-05 -7.85647e-05   -0.0427031  2.44179e-05    0.0432589 -0.000212873      0.12293 -0.000410479  -0.00137176  0.000740371   0.00226261 -2.00335e-12 -2.00335e-12 -2.00335e-12 -2.00335e-12  -0.00421924  8.18168e-06            0            0            0            0            0            0
-6.94344e-05 -2.60032e-05 -7.38572e-05 -0.000169373 -6.90814e-05  -2.5871e-05  -0.00232023 -0.000647168    -0.295548   -0.0168381     -1.21754    0.0131134      3.07566  -0.00245459    -0.624958    0.0133268    -0.145348    0.0125592   -0.0486494   0.00302808 -0.000112787  1.07594e-05  -0.00122854  0.000259332 -0.000196958 -0.000420704 -0.000577497   0.00468044     0.036005   -0.0269655   -0.0234772  6.62711e-05    0.0168638  0.000197598  2.46578e-11  2.46578e-11  2.46578e-11  2.46578e-11   -0.0184638   0.00011992            0            0            0            0            0            0
-1.40595e-05 -4.33986e-05 -3.98039e-05 -0.000218004  -1.3988e-05 -4.31779e-05   1.1593e-05  -0.00296552  -0.00213333     0.128881  -0.00385769    -0.508766  -0.00245459     0.949634     0.010204     -0.37769   0.00442433     -0.21125   -0.0110363   -0.0496699 -2.55862e-05 -0.000176488 -1.01223e-05    0.0096409  0.000161183    -0.317689 -0.000259195    0.0220447   0.00302271   -0.0196494  7.34116e-05   0.00110853 -0.000494042  -0.00178366 -3.15896e-12 -3.15896e-12 -3.15896e-12 -3.15896e-12   -0.0173185  7.63935e-06            0            0            0            0            0            0
  1.2064e-05 -3.73116e-06  0.000113564  7.34968e-05  1.20026e-05 -3.71217e-06   0.00199928  0.000419522   -0.0322716    0.0245906    -0.552428   -0.0125112    -0.624958     0.010204     0.694624   -0.0324242   -0.0733444    0.0171685    -0.036687    0.0191217 -8.50537e-05  6.79434e-05  0.000742918  8.86298e-05 -0.000210916  -0.00907252  0.000268199  -0.00545627  -0.00125928    0.0273397  -0.00480566 -4.99994e-05    0.0052754  3.76597e-06 -2.69538e-11 -2.69538e-11 -2.69538e-11 -2.69538e-11   -0.0528119 -9.74372e-05            0            0            0            0            0            0
 3.75414e-05 -2.22857e-05  7.99213e-05  2.33078e-05  3.73505e-05 -2.21723e-05 -6.21031e-05   0.00770973    0.0146593  -0.00476603    0.0115435     -0.20299    0.0133268     -0.37769   -0.0324242     0.782914   -0.0153847    -0.182059    0.0259489    -0.170914   6.0159e-05 -0.000607295  3.08459e-05  -0.00951967  -0.00035071     0.341294  0.000522781    0.0114878  -0.00755516    -0.173279   0.00131965  0.000672158  1.50317e-05 -0.000895732   1.1802e-11   1.1802e-11   1.1802e-11   1.1802e-11     0.022319 -9.59445e-06            0            0            0            0            0            0
-0.000123612  2.53764e-05 -0.000283106  0.000151174 -0.000122984  2.52474e-05  0.000574568  0.000496783    0.0799087    0.0185303    -0.300761   -0.0123313    -0.145348   0.00442433   -0.0733444   -0.0153847      1.12928   -0.0107288     -1.13002  -0.00155975  -0.00261979 -5.54218e-06   0.00278557 -6.83206e-05  -0.00036346   0.00157923   0.00197714   -0.0102575      -0.0412    0.0267294    0.0241147  -0.00010062   -0.0227328 -0.000118837  7.11846e-11  7.11846e-11  7.11846e-11  7.11846e-11    0.0409149 -9.00524e-05            0            0            0            0            0            0
-4.17424e-05 -0.000275993 -5.49326e-05  0.000305295 -4.15301e-05 -0.000274589 -5.44497e-05   0.00440863   -0.0115602    -0.216633    0.0241103    0.0686348    0.0125592     -0.21125    0.0171685    -0.182059   -0.0107288      2.55284    -0.032927     -1.04589 -7.63366e-05  -0.00371625  0.000115612  -0.00508659  0.000172251      0.24791 -0.000586102   -0.0571117    0.0109875   -0.0342307  -0.00531165 -0.000399238   0.00402994 -0.000208664 -2.42477e-11 -2.42477e-11 -2.42477e-11 -2.42477e-11   -0.0202096  2.96855e-05            0            0            0            0            0            0
-5.25333e-05  3.90012e-05  8.91026e-05  0.000187615 -5.22662e-05  3.88029e-05   0.00150909  0.000377301    -0.667892  -0.00879428   -0.0379212 -0.000544972   -0.0486494   -0.0110363    -0.036687    0.0259489     -1.13002    -0.032927      3.31555   -0.0265198  -0.00229783 -9.42306e-05  -0.00141101 -0.000562359    0.0017086    0.0196505 -0.000742061   0.00116165   -0.0297511  8.59938e-05    0.0241616  2.50605e-05    -0.012615 -0.000458763 -3.41775e-11 -3.41775e-11 -3.41775e-11 -3.41775e-11     0.075493 -8.13613e-05            0            0            0            0            0            0
-3.52934e-05 -0.000123379 -5.13495e-05  0.000351172 -3.51139e-05 -0.000122752 -1.45356e-05   0.00295906   -0.0101956    -0.304861    0.0106073   0.00109069   0.00302808   -0.0496699    0.0191217    -0.170914  -0.00155975     -1.04589   -0.0265198      3.43862 -6.14825e-05  -0.00308445  4.53854e-05  -0.00329001  0.000217741    0.0833896 -0.000533103    0.0457437   0.00902424    0.0847684   -0.0035461  -0.00185131   0.00241188   0.00261677 -1.48844e-11 -1.48844e-11 -1.48844e-11 -1.48844e-11   -0.0148188  2.08074e-05            0            0            0            0            0            0
-1.21791e-07  9.04189e-08  2.06572e-07   4.3496e-07 -1.21172e-07   8.9959e-08  3.49862e-06   8.7472e-07  -0.00154841 -2.03883e-05 -8.79149e-05 -1.26345e-06 -0.000112787 -2.55862e-05 -8.50537e-05   6.0159e-05  -0.00261979 -7.63366e-05  -0.00229783 -6.14825e-05      4.30669 -2.18461e-07 -3.27124e-06 -1.30375e-06  3.96115e-06   4.5557e-05 -1.72036e-06  2.69312e-06 -6.89738e-05  1.99345e-07  5.60152e-05  5.80993e-08  -2.9246e-05 -1.06358e-06 -7.92357e-14 -7.92357e-14 -7.92357e-14 -7.92357e-14   0.00017502 -1.88625e-07            0            0            0            0            0            0
-1.25405e-07 -4.38393e-07 -1.82456e-07  1.24779e-06 -1.24767e-07 -4.36163e-07 -5.16476e-08  1.05142e-05 -3.62274e-05  -0.00108324  3.76899e-05  3.87547e-06  1.07594e-05 -0.000176488  6.79434e-05 -0.000607295 -5.54218e-06  -0.00371625 -9.42306e-05  -0.00308445 -2.18461e-07      4.30668  1.61264e-07 -1.16901e-05   7.7368e-07  0.000296301 -1.89423e-06  0.000162537   3.2065e-05    0.0003012 -1.26001e-05 -6.57811e-06  8.56992e-06  9.29793e-06 -5.28876e-14 -5.28876e-14 -5.28876e-14 -5.28876e-14 -5.26544e-05  7.39331e-08            0            0            0            0            0            0
-1.38725e-06 -1.23066e-08 -5.72139e-06  6.57443e-07  -1.3802e-06  -1.2244e-08  5.73507e-06 -3.10908e-06  -0.00109105 -1.27022e-05 -0.000887409  5.32243e-05  -0.00122854 -1.01223e-05  0.000742918  3.08459e-05   0.00278557  0.000115612  -0.00141101  4.53854e-05 -3.27124e-06  1.61264e-07  0.000189628  1.65267e-06 -0.000114421   9.6003e-05  0.000120952 -5.88241e-05 -0.000905955 -7.11071e-05 -0.000120218 -7.21628e-07  0.000173158 -8.92505e-07 -5.24868e-13 -5.24868e-13 -5.24868e-13 -5.24868e-13   0.00148274  4.85537e-07            0            0            0            0            0            0
-7.23778e-07 -9.32669e-07 -2.16155e-06 -4.71473e-06 -7.20097e-07 -9.27925e-07 -1.42364e-06 -0.000312376  4.21969e-05    0.0105709  0.000400161  8.54858e-05  0.000259332    0.0096409  8.86298e-05  -0.00951967 -6.83206e-05  -0.00508659 -0.000562359  -0.00329001 -1.30375e-06 -1.16901e-05  1.65267e-06   0.00109556  6.93856e-06   -0.0185626 -1.42641e-05    0.0005303  0.000201493   0.00641486 -5.67529e-05 -2.78192e-05  3.92391e-05  5.49634e-05 -4.82759e-13 -4.82759e-13 -4.82759e-13 -4.82759e-13 -0.000928384  6.80063e-07            0            0            0            0            0            0
 2.72762e-08 -2.78134e-07 -1.63271e-05 -2.70759e-06  2.71375e-08 -2.76719e-07  2.37858e-07  -1.6499e-06  0.000436328  0.000179805 -0.000528935 -7.85647e-05 -0.000196958  0.000161183 -0.000210916  -0.00035071  -0.00036346  0.000172251    0.0017086  0.000217741  3.96115e-06   7.7368e-07 -0.000114421  6.93856e-06  0.000167282 -0.000295546 -0.000150341 -5.11068e-05   0.00121568  0.000114924 -2.54932e-05 -8.65553e-09 -8.35421e-05  6.48196e-06 -7.14094e-14 -7.14094e-14 -7.14094e-14 -7.14094e-14  -0.00193983  6.13163e-07            0            0            0            0            0            0
 1.52866e-05 -3.86721e-05  4.07251e-05 -0.000113064  1.52089e-05 -3.84754e-05  1.89266e-05   0.00221477  -0.00763399     0.117022  0.000573317   -0.0427031 -0.000420704    -0.317689  -0.00907252     0.341294   0.00157923      0.24791    0.0196505    0.0833896   4.5557e-05  0.000296301   9.6003e-05   -0.0185626 -0.000295546      1.30308  0.000575105    -0.837913  -0.00593929      -0.1157 -0.000490162   0.00140317  0.000891632  -0.00148971  2.85977e-11  2.85977e-11  2.85977e-11  2.85977e-11    0.0208719 -1.86391e-05            0            0            0            0            0            0
 4.16012e-07   8.1349e-07 -1.07198e-05  5.72199e-06  4.13896e-07  8.09353e-07  3.80847e-06  1.02316e-05  -0.00184245 -0.000130613  0.000364662  2.44179e-05 -0.000577497 -0.000259195  0.000268199  0.000522781   0.00197714 -0.000586102 -0.000742061 -0.000533103 -1.72036e-06 -1.89423e-06  0.000120952 -1.42641e-05 -0.000150341  0.000575105  0.000271148  4.44013e-05  -0.00241477  0.000149428 -0.000108663  1.58169e-06  0.000205589 -1.41462e-05   9.0847e-14   9.0847e-14   9.0847e-14   9.0847e-14  0.000127424 -3.69906e-06            0            0            0            0            0            0
 1.06211e-05  2.22629e-05   2.4578e-05  0.000325147  1.05671e-05  2.21497e-05  -2.4914e-05   0.00223429   0.00877547    -0.271774   0.00151785    0.0432589   0.00468044    0.0220447  -0.00545627    0.0114878   -0.0102575   -0.0571117   0.00116165    0.0457437  2.69312e-06  0.000162537 -5.88241e-05    0.0005303 -5.11068e-05    -0.837913  4.44013e-05      1.21104  -0.00188907    -0.462501   0.00141003  0.000549785 -0.000885893  -0.00130003 -1.21447e-11 -1.21447e-11 -1.21447e-11 -1.21447e-11  -0.00667591  6.93377e-07            0            0            0            0            0            0
-8.74183e-06 -1.08779e-05 -1.85051e-05  -5.2548e-05 -8.69737e-06 -1.08225e-05  -0.00011675 -0.000139252    0.0151543   0.00267125    0.0152592 -0.000212873     0.036005   0.00302271  -0.00125928  -0.00755516      -0.0412    0.0109875   -0.0297511   0.00902424 -6.89738e-05   3.2065e-05 -0.000905955  0.000201493   0.00121568  -0.00593929  -0.00241477  -0.00188907    0.0336395 -0.000767408  -0.00797463 -4.18153e-05   0.00501936    0.0001663  -4.2501e-12  -4.2501e-12  -4.2501e-12  -4.2501e-12    0.0195656  4.72335e-05            0            0            0            0            0            0
-5.08411e-06  3.60678e-05 -8.45148e-06  0.000311944 -5.05826e-06  3.58844e-05  0.000136434  -0.00401688   -0.0249392    0.0826303   -0.0255251      0.12293   -0.0269655   -0.0196494    0.0273397    -0.173279    0.0267294   -0.0342307  8.59938e-05    0.0847684  1.99345e-07    0.0003012 -7.11071e-05   0.00641486  0.000114924      -0.1157  0.000149428    -0.462501 -0.000767408     0.969344 -0.000843039  -0.00665809  0.000306026    0.0101468 -9.45085e-12 -9.45085e-12 -9.45085e-12 -9.45085e-12    0.0471025 -2.42756e-05            0            0            0            0            0            0
-3.09791e-06  2.81742e-06  0.000103253 -9.64276e-06 -3.08215e-06   2.8031e-06  5.22243e-05  4.14053e-05    0.0010383  -0.00101277  -0.00780689 -0.000410479   -0.0234772  7.34116e-05  -0.00480566   0.00131965    0.0241147  -0.00531165    0.0241616   -0.0035461  5.60152e-05 -1.26001e-05 -0.000120218 -5.67529e-05 -2.54932e-05 -0.000490162 -0.000108663   0.00141003  -0.00797463 -0.000843039    0.0107453   2.5967e-05   -0.0101582 -1.49377e-05  1.19477e-13  1.19477e-13  1.19477e-13  1.19477e-13   -0.0179929 -6.69799e-06            0            0            0            0            0            0
-7.80938e-09 -2.43084e-07 -4.13615e-07 -8.92465e-06 -7.76964e-09 -2.41848e-07 -2.85944e-07  2.15983e-05   0.00010954  0.000340034 -3.33783e-06  -0.00137176  6.62711e-05   0.00110853 -4.99994e-05  0.000672158  -0.00010062 -0.000399238  2.50605e-05  -0.00185131  5.80993e-08 -6.57811e-06 -7.21628e-07 -2.78192e-05 -8.65553e-09   0.00140317  1.58169e-06  0.000549785 -4.18153e-05  -0.00665809   2.5967e-05  6.96772e-05 -1.79002e-05  -0.00010335  2.71513e-14  2.71513e-14  2.71513e-14  2.71513e-14  -0.00108623 -1.79961e-08            0            0            0            0            0            0
 7.07767e-06 -2.28191e-06 -5.68419e-05  9.30402e-06  7.04167e-06  -2.2703e-06 -2.87057e-05 -3.93781e-05  -0.00294167  0.000201213   0.00330632  0.000740371    0.0168638 -0.000494042    0.0052754  1.50317e-05   -0.0227328   0.00402994    -0.012615   0.00241188  -2.9246e-05  8.56992e-06  0.000173158  3.92391e-05 -8.35421e-05  0.000891632  0.000205589 -0.000885893   0.00501936  0.000306026   -0.0101582 -1.79002e-05     0.010533  3.92044e-06   8.5824e-13   8.5824e-13   8.5824e-13   8.5824e-13      0.01172  3.70116e-06            0            0            0            0            0            0
-4.12699e-07 -4.49486e-07 -1.30459e-06  4.25731e-06   -4.106e-07   -4.472e-07 -1.36599e-06 -4.19656e-05  0.000248205 -0.000329655  0.000242458   0.00226261  0.000197598  -0.00178366  3.76597e-06 -0.000895732 -0.000118837 -0.000208664 -0.000458763   0.00261677 -1.06358e-06  9.29793e-06 -8.92505e-07  5.49634e-05  6.48196e-06  -0.00148971 -1.41462e-05  -0.00130003    0.0001663    0.0101468 -1.49377e-05  -0.00010335  3.92044e-06  0.000184312 -1.15362e-13 -1.15362e-13 -1.15362e-13 -1.15362e-13 -0.000883422  5.85595e-07            0            0            0            0            0            0
 1.00241e-14  6.80231e-15  1.67475e-13  7.41394e-14  9.97316e-15  6.76772e-15   1.0185e-13   4.1173e-14 -1.17353e-10    4.504e-12  5.13756e-11 -2.00335e-12  2.46578e-11 -3.15896e-12 -2.69538e-11   1.1802e-11  7.11846e-11 -2.42477e-11 -3.41775e-11 -1.48844e-11 -7.92357e-14 -5.28876e-14 -5.24868e-13 -4.82759e-13 -7.14094e-14  2.85977e-11   9.0847e-14 -1.21447e-11  -4.2501e-12 -9.45085e-12  1.19477e-13  2.71513e-14   8.5824e-13 -1.15362e-13      4.30669 -4.56664e-20 -4.56664e-20 -4.56664e-20 -5.56623e-11 -1.71463e-14            0            0            0            0            0            0
 1.00241e-14  6.80231e-15  1.67475e-13  7.41394e-14  9.97316e-15  6.76772e-15   1.0185e-13   4.1173e-14 -1.17353e-10    4.504e-12  5.13756e-11 -2.00335e-12  2.46578e-11 -3.15896e-12 -2.69538e-11   1.1802e-11  7.11846e-11 -2.42477e-11 -3.41775e-11 -1.48844e-11 -7.92357e-14 -5.28876e-14 -5.24868e-13 -4.82759e-13 -7.14094e-14  2.85977e-11   9.0847e-14 -1.21447e-11  -4.2501e-12 -9.45085e-12  1.19477e-13  2.71513e-14   8.5824e-13 -1.15362e-13 -4.56664e-20      4.30669 -4.56664e-20 -4.56664e-20 -5.56623e-11 -1.71463e-14            0            0            0            0            0            0
 1.00241e-14  6.80231e-15  1.67475e-13  7.41394e-14  9.97316e-15  6.76772e-15   1.0185e-13   4.1173e-14 -1.17353e-10    4.504e-12  5.13756e-11 -2.00335e-12  2.46578e-11 -3.15896e-12 -2.69538e-11   1.1802e-11  7.11846e-11 -2.42477e-11 -3.41775e-11 -1.48844e-11 -7.92357e-14 -5.28876e-14 -5.24868e-13 -4.82759e-13 -7.14094e-14  2.85977e-11   9.0847e-14 -1.21447e-11  -4.2501e-12 -9.45085e-12  1.19477e-13  2.71513e-14   8.5824e-13 -1.15362e-13 -4.56664e-20 -4.56664e-20      4.30669 -4.56664e-20 -5.56623e-11 -1.71463e-14            0            0            0            0            0            0
 1.00241e-14  6.80231e-15  1.67475e-13  7.41394e-14  9.97316e-15  6.76772e-15   1.0185e-13   4.1173e-14 -1.17353e-10    4.504e-12  5.13756e-11 -2.00335e-12  2.46578e-11 -3.15896e-12 -2.69538e-11   1.1802e-11  7.11846e-11 -2.42477e-11 -3.41775e-11 -1.48844e-11 -7.92357e-14 -5.28876e-14 -5.24868e-13 -4.82759e-13 -7.14094e-14  2.85977e-11   9.0847e-14 -1.21447e-11  -4.2501e-12 -9.45085e-12  1.19477e-13  2.71513e-14   8.5824e-13 -1.15362e-13 -4.56664e-20 -4.56664e-20 -4.56664e-20      4.30669 -5.56623e-11 -1.71463e-14            0            0            0            0            0            0
 0.000121573  5.12574e-05  0.000852182   0.00110547  0.000120955  5.09967e-05  0.000103446  0.000866608   -0.0645307  -0.00375121    0.0323866  -0.00421924   -0.0184638   -0.0173185   -0.0528119     0.022319    0.0409149   -0.0202096     0.075493   -0.0148188   0.00017502 -5.26544e-05   0.00148274 -0.000928384  -0.00193983    0.0208719  0.000127424  -0.00667591    0.0195656    0.0471025   -0.0179929  -0.00108623      0.01172 -0.000883422 -5.56623e-11 -5.56623e-11 -5.56623e-11 -5.56623e-11      1.32231   1.5337e-05            0            0            0            0            0            0
-5.72114e-08 -4.36625e-08 -5.32451e-08 -2.94061e-07 -5.69205e-08 -4.34404e-08 -6.93064e-07 -8.21029e-07  0.000112125 -5.93843e-06  0.000143266  8.18168e-06   0.00011992  7.63935e-06 -9.74372e-05 -9.59445e-06 -9.00524e-05  2.96855e-05 -8.13613e-05  2.08074e-05 -1.88625e-07  7.39331e-08  4.85537e-07  6.80063e-07  6.13163e-07 -1.86391e-05 -3.69906e-06  6.93377e-07  4.72335e-05 -2.42756e-05 -6.69799e-06 -1.79961e-08  3.70116e-06  5.85595e-07 -1.71463e-14 -1.71463e-14 -1.71463e-14 -1.71463e-14   1.5337e-05  2.13531e-07            0            0            0            0            0            0
           0            0            0            0            0            0            0            0            0            0            0            0            0            0            0            0            0            0            0            0            0            0            0            0            0            0            0            0            0            0            0            0            0            0            0            0            0            0            0            0       5.0625            0            0            0            0            0
           0            0            0            0            0            0            0            0            0            0            0            0            0            0            0            0            0            0            0            0            0            0            0            0            0            0            0            0            0            0            0            0            0            0            0            0            0            0            0            0            0      5.61349            0            0            0            0
           0            0            0            0            0            0            0            0            0            0            0            0            0            0            0            0            0            0            0            0            0            0            0            0            0            0            0            0            0            0            0            0            0            0            0            0            0            0            0            0            0            0      4.36991            0            0            0
           0            0            0            0            0            0            0            0            0            0            0            0            0            0            0            0            0            0            0            0            0            0            0            0            0            0            0            0            0            0            0            0            0            0            0            0            0            0            0            0            0            0            0      4.32871            0            0
           0            0            0            0            0            0            0            0            0            0            0            0            0            0            0            0            0            0            0            0            0            0            0            0            0            0            0            0            0            0            0            0            0            0            0            0            0            0            0            0            0            0            0            0            4            0
           0            0            0            0            0            0            0            0            0            0            0            0            0            0            0            0            0            0            0            0            0            0            0            0            0            0            0            0            0            0            0            0            0            0            0            0            0            0            0            0            0            0            0            0            0            4
* row and column names
ddgd
ddgw
ddsd
ddsw
rcgd
rcgw
rcr1d
rcr1w
rcr2d
rcr2w
rcr3d
rcr3w
rcr4d
rcr4w
rcr5d
rcr5w
rcr6d
rcr6w
rcr7d
rcr7w
rcr8d
rcr8w
rcs1d
rcs1w
rcs2d
rcs2w
rcs3d
rcs3w
rcs4d
rcs4w
rcs5d
rcs5w
rcs6d
rcs6w
rcs7d
rcs7w
rcs8d
rcs8w
tcrit
tl
tlr
tls
x
xw
y
yw
